# name=grid_streets_w8 field=200x200 stride=8
25 25
0.37690 0.35494 0.99583 0.63806 0.63469 0.63920 0.63684 0.95601 0.63806 0.63469 0.63920 0.63684 0.95601 0.63806 0.63469 0.63920 0.63684 0.95601 0.63806 0.63469 0.32488 0.35835 0.37888 0.00000 0.00000
0.35494 0.99583 0.99583 0.93476 0.94120 0.95736 0.99583 0.96180 0.93476 0.94120 0.95736 0.99583 0.96180 0.93476 0.94120 0.95736 0.99583 0.96180 0.93476 0.94120 0.99583 0.99583 0.35619 0.15396 0.00000
0.99583 0.99583 0.99583 0.99583 0.99583 0.99583 0.99583 0.96956 0.99583 0.99583 0.99583 0.99583 0.96956 0.99583 0.99583 0.99583 0.99583 0.96956 0.99583 0.99583 0.99583 0.99583 0.32008 0.15349 0.15349
0.63531 0.93476 0.99583 0.99583 0.99583 0.96590 0.94698 0.96939 0.99583 0.99583 0.96590 0.94698 0.96939 0.99583 0.99583 0.96590 0.94698 0.96939 0.99583 0.99583 0.99583 0.93331 0.64215 0.38185 0.15372
0.63830 0.94120 0.99583 0.99583 0.99583 0.96630 0.95222 0.96975 0.99583 0.99583 0.96630 0.95222 0.96975 0.99583 0.99583 0.96630 0.95222 0.96975 0.99583 0.99583 0.99583 0.93988 0.63798 0.38091 0.15365
0.63279 0.95736 0.99583 0.96590 0.96630 0.93848 0.96528 0.97128 0.96590 0.96630 0.93848 0.96528 0.97128 0.96590 0.96630 0.93848 0.96528 0.97128 0.96590 0.96630 0.96492 0.95641 0.64334 0.15351 0.15351
0.63722 0.99583 0.99583 0.94698 0.95222 0.96528 0.99583 0.96884 0.94698 0.95222 0.96528 0.99583 0.96884 0.94698 0.95222 0.96528 0.99583 0.96884 0.94698 0.95222 0.99583 0.99583 0.64063 0.38328 0.00000
0.95601 0.96180 0.96956 0.96939 0.96975 0.97128 0.96884 0.94655 0.96939 0.96975 0.97128 0.96884 0.94655 0.96939 0.96975 0.97128 0.96884 0.94655 0.96939 0.96975 0.96852 0.96095 0.63490 0.15349 0.15349
0.63531 0.93476 0.99583 0.99583 0.99583 0.96590 0.94698 0.96939 0.99583 0.99583 0.96590 0.94698 0.96939 0.99583 0.99583 0.96590 0.94698 0.96939 0.99583 0.99583 0.99583 0.93331 0.64215 0.38185 0.15372
0.63830 0.94120 0.99583 0.99583 0.99583 0.96630 0.95222 0.96975 0.99583 0.99583 0.96630 0.95222 0.96975 0.99583 0.99583 0.96630 0.95222 0.96975 0.99583 0.99583 0.99583 0.93988 0.63798 0.38091 0.15365
0.63279 0.95736 0.99583 0.96590 0.96630 0.93848 0.96528 0.97128 0.96590 0.96630 0.93848 0.96528 0.97128 0.96590 0.96630 0.93848 0.96528 0.97128 0.96590 0.96630 0.96492 0.95641 0.64334 0.15351 0.15351
0.63722 0.99583 0.99583 0.94698 0.95222 0.96528 0.99583 0.96884 0.94698 0.95222 0.96528 0.99583 0.96884 0.94698 0.95222 0.96528 0.99583 0.96884 0.94698 0.95222 0.99583 0.99583 0.64063 0.38328 0.00000
0.95601 0.96180 0.96956 0.96939 0.96975 0.97128 0.96884 0.94655 0.96939 0.96975 0.97128 0.96884 0.94655 0.96939 0.96975 0.97128 0.96884 0.94655 0.96939 0.96975 0.96852 0.96095 0.63490 0.15349 0.15349
0.63531 0.93476 0.99583 0.99583 0.99583 0.96590 0.94698 0.96939 0.99583 0.99583 0.96590 0.94698 0.96939 0.99583 0.99583 0.96590 0.94698 0.96939 0.99583 0.99583 0.99583 0.93331 0.64215 0.38185 0.15372
0.63830 0.94120 0.99583 0.99583 0.99583 0.96630 0.95222 0.96975 0.99583 0.99583 0.96630 0.95222 0.96975 0.99583 0.99583 0.96630 0.95222 0.96975 0.99583 0.99583 0.99583 0.93988 0.63798 0.38091 0.15365
0.63279 0.95736 0.99583 0.96590 0.96630 0.93848 0.96528 0.97128 0.96590 0.96630 0.93848 0.96528 0.97128 0.96590 0.96630 0.93848 0.96528 0.97128 0.96590 0.96630 0.96492 0.95641 0.64334 0.15351 0.15351
0.63722 0.99583 0.99583 0.94698 0.95222 0.96528 0.99583 0.96884 0.94698 0.95222 0.96528 0.99583 0.96884 0.94698 0.95222 0.96528 0.99583 0.96884 0.94698 0.95222 0.99583 0.99583 0.64063 0.38328 0.00000
0.95601 0.96180 0.96956 0.96939 0.96975 0.97128 0.96884 0.94655 0.96939 0.96975 0.97128 0.96884 0.94655 0.96939 0.96975 0.97128 0.96884 0.94655 0.96939 0.96975 0.96852 0.96095 0.63490 0.15349 0.15349
0.63531 0.93476 0.99583 0.99583 0.99583 0.96590 0.94698 0.96939 0.99583 0.99583 0.96590 0.94698 0.96939 0.99583 0.99583 0.96590 0.94698 0.96939 0.99583 0.99583 0.99583 0.93331 0.64215 0.38185 0.15372
0.63830 0.94120 0.99583 0.99583 0.99583 0.96630 0.95222 0.96975 0.99583 0.99583 0.96630 0.95222 0.96975 0.99583 0.99583 0.96630 0.95222 0.96975 0.99583 0.99583 0.99583 0.93988 0.63798 0.38091 0.15365
0.32488 0.99583 0.99583 0.99583 0.99583 0.96492 0.99583 0.96852 0.99583 0.99583 0.96492 0.99583 0.96852 0.99583 0.99583 0.96492 0.99583 0.96852 0.99583 0.99583 0.99583 0.99583 0.32537 0.15351 0.15351
0.35835 0.99583 0.99583 0.93331 0.93988 0.95641 0.99583 0.96095 0.93331 0.93988 0.95641 0.99583 0.96095 0.93331 0.93988 0.95641 0.99583 0.96095 0.93331 0.93988 0.99583 0.99583 0.35971 0.15405 0.00000
0.37888 0.35619 0.32008 0.63874 0.64242 0.63562 0.64111 0.64378 0.63874 0.64242 0.63562 0.64111 0.64378 0.63874 0.64242 0.63562 0.64111 0.64378 0.63874 0.64242 0.32537 0.35971 0.38093 0.00000 0.00000
0.00000 0.15396 0.15349 0.38185 0.38091 0.15351 0.38328 0.15349 0.38185 0.38091 0.15351 0.38328 0.15349 0.38185 0.38091 0.15351 0.38328 0.15349 0.38185 0.38091 0.15351 0.15405 0.00000 0.00000 0.00000
0.00000 0.00000 0.15349 0.15372 0.15365 0.15351 0.00000 0.15349 0.15372 0.15365 0.15351 0.00000 0.15349 0.15372 0.15365 0.15351 0.00000 0.15349 0.15372 0.15365 0.15351 0.00000 0.00000 0.00000 0.00000
