# name=grid_streets_w5 field=200x200 stride=8
25 25
0.35986 0.99583 0.94666 0.88988 0.90367 0.89878 0.90231 0.90714 0.90005 0.91498 0.92230 0.92230 0.91498 0.90005 0.90714 0.90231 0.89878 0.90367 0.88988 0.90412 0.88988 0.94127 0.99583 0.35784 0.14377
0.99583 0.99583 0.95405 0.99583 0.96309 0.99583 0.96694 0.99583 0.97043 0.99583 0.97356 0.97356 0.99583 0.97043 0.99583 0.96694 0.99583 0.96309 0.99583 0.91713 0.99583 0.99583 0.99583 0.99583 0.13987
0.94666 0.95405 0.99583 0.96387 0.99583 0.99583 0.99583 0.99583 0.99583 0.99583 0.99583 0.99583 0.99583 0.99583 0.99583 0.99583 0.99583 0.99583 0.96387 0.99583 0.96387 0.99583 0.99583 0.94747 0.33738
0.88988 0.99583 0.96387 0.99583 0.97005 0.99583 0.97384 0.99583 0.97651 0.99583 0.97892 0.97892 0.99583 0.97651 0.99583 0.97384 0.99583 0.97005 0.99583 0.93481 0.99583 0.99583 0.99583 0.99583 0.34162
0.90367 0.96309 0.99583 0.97005 0.99583 0.97019 0.99583 0.97039 0.97908 0.99583 0.99583 0.99583 0.99583 0.97908 0.97039 0.99583 0.97019 0.99583 0.97005 0.99583 0.97005 0.99583 0.96394 0.90508 0.33825
0.89878 0.99583 0.99583 0.99583 0.97019 0.99583 0.97390 0.99583 0.97657 0.99583 0.97897 0.97897 0.99583 0.97657 0.99583 0.97390 0.99583 0.97019 0.99583 0.99583 0.99583 0.99583 0.99583 0.99583 0.34149
0.90231 0.96694 0.99583 0.97384 0.99583 0.97390 0.99583 0.97335 0.97854 0.97359 0.97389 0.97389 0.97359 0.97854 0.97335 0.99583 0.97390 0.99583 0.97384 0.99583 0.97384 0.99583 0.96769 0.90374 0.33905
0.90714 0.99583 0.99583 0.99583 0.97039 0.99583 0.97335 0.99583 0.97668 0.99583 0.97906 0.97906 0.99583 0.97668 0.99583 0.97335 0.99583 0.97039 0.99583 0.99583 0.99583 0.99583 0.99583 0.90852 0.34123
0.90005 0.97043 0.99583 0.97651 0.97908 0.97657 0.97854 0.97668 0.95956 0.97624 0.97652 0.97652 0.97624 0.95956 0.97668 0.97854 0.97657 0.97908 0.97651 0.99583 0.97651 0.97759 0.97109 0.90151 0.33975
0.91498 0.99583 0.99583 0.99583 0.99583 0.99583 0.97359 0.99583 0.97624 0.99583 0.97921 0.97921 0.99583 0.97624 0.99583 0.97359 0.99583 0.99583 0.99583 0.99583 0.99583 0.99583 0.99583 0.91625 0.34085
0.92230 0.97356 0.99583 0.97892 0.99583 0.97897 0.97389 0.97906 0.97652 0.97921 0.96330 0.96330 0.97921 0.97652 0.97906 0.97389 0.97897 0.99583 0.97892 0.99583 0.97892 0.99583 0.97415 0.92346 0.34036
0.92230 0.97356 0.99583 0.97892 0.99583 0.97897 0.97389 0.97906 0.97652 0.97921 0.96330 0.96330 0.97921 0.97652 0.97906 0.97389 0.97897 0.99583 0.97892 0.99583 0.97892 0.99583 0.97415 0.92346 0.34036
0.91498 0.99583 0.99583 0.99583 0.99583 0.99583 0.97359 0.99583 0.97624 0.99583 0.97921 0.97921 0.99583 0.97624 0.99583 0.97359 0.99583 0.99583 0.99583 0.99583 0.99583 0.99583 0.99583 0.91625 0.34085
0.90005 0.97043 0.99583 0.97651 0.97908 0.97657 0.97854 0.97668 0.95956 0.97624 0.97652 0.97652 0.97624 0.95956 0.97668 0.97854 0.97657 0.97908 0.97651 0.99583 0.97651 0.97759 0.97109 0.90151 0.33975
0.90714 0.99583 0.99583 0.99583 0.97039 0.99583 0.97335 0.99583 0.97668 0.99583 0.97906 0.97906 0.99583 0.97668 0.99583 0.97335 0.99583 0.97039 0.99583 0.99583 0.99583 0.99583 0.99583 0.90852 0.34123
0.90231 0.96694 0.99583 0.97384 0.99583 0.97390 0.99583 0.97335 0.97854 0.97359 0.97389 0.97389 0.97359 0.97854 0.97335 0.99583 0.97390 0.99583 0.97384 0.99583 0.97384 0.99583 0.96769 0.90374 0.33905
0.89878 0.99583 0.99583 0.99583 0.97019 0.99583 0.97390 0.99583 0.97657 0.99583 0.97897 0.97897 0.99583 0.97657 0.99583 0.97390 0.99583 0.97019 0.99583 0.99583 0.99583 0.99583 0.99583 0.99583 0.34149
0.90367 0.96309 0.99583 0.97005 0.99583 0.97019 0.99583 0.97039 0.97908 0.99583 0.99583 0.99583 0.99583 0.97908 0.97039 0.99583 0.97019 0.99583 0.97005 0.99583 0.97005 0.99583 0.96394 0.90508 0.33825
0.88988 0.99583 0.96387 0.99583 0.97005 0.99583 0.97384 0.99583 0.97651 0.99583 0.97892 0.97892 0.99583 0.97651 0.99583 0.97384 0.99583 0.97005 0.99583 0.93481 0.99583 0.99583 0.99583 0.99583 0.34162
0.90412 0.91713 0.99583 0.93481 0.99583 0.99583 0.99583 0.99583 0.99583 0.99583 0.99583 0.99583 0.99583 0.99583 0.99583 0.99583 0.99583 0.99583 0.93481 0.99583 0.93481 0.99583 0.99583 0.90553 0.77461
0.88988 0.99583 0.96387 0.99583 0.97005 0.99583 0.97384 0.99583 0.97651 0.99583 0.97892 0.97892 0.99583 0.97651 0.99583 0.97384 0.99583 0.97005 0.99583 0.93481 0.99583 0.99583 0.99583 0.99583 0.34162
0.94127 0.99583 0.99583 0.99583 0.99583 0.99583 0.99583 0.99583 0.97759 0.99583 0.99583 0.99583 0.99583 0.97759 0.99583 0.99583 0.99583 0.99583 0.99583 0.99583 0.99583 0.99583 0.99583 0.94216 0.33825
0.99583 0.99583 0.99583 0.99583 0.96394 0.99583 0.96769 0.99583 0.97109 0.99583 0.97415 0.97415 0.99583 0.97109 0.99583 0.96769 0.99583 0.96394 0.99583 0.99583 0.99583 0.99583 0.99583 0.99583 0.13950
0.35784 0.99583 0.94747 0.99583 0.90508 0.99583 0.90374 0.90852 0.90151 0.91625 0.92346 0.92346 0.91625 0.90151 0.90852 0.90374 0.99583 0.90508 0.99583 0.90553 0.99583 0.94216 0.99583 0.35591 0.14323
0.14377 0.13987 0.33738 0.34162 0.33825 0.34149 0.33905 0.34123 0.33975 0.34085 0.34036 0.34036 0.34085 0.33975 0.34123 0.33905 0.34149 0.33825 0.34162 0.77461 0.34162 0.33825 0.13950 0.14323 0.00000
