# name=grid_streets_w7 field=200x200 stride=8
25 25
0.37123 0.34977 0.99583 0.80487 0.93563 0.93563 0.80487 0.95293 0.80611 0.94768 0.80364 0.80204 0.94191 0.80570 0.92367 0.80570 0.94191 0.80204 0.80364 0.94768 0.80611 0.95293 0.34260 0.36685 0.14747
0.34977 0.99583 0.96711 0.99583 0.94433 0.94433 0.99583 0.93353 0.99583 0.95475 0.99583 0.99583 0.94978 0.99583 0.93393 0.99583 0.94978 0.99583 0.99583 0.95475 0.99583 0.95928 0.99583 0.34700 0.14373
0.99583 0.96711 0.99583 0.97362 0.99583 0.99583 0.97362 0.99583 0.97340 0.99583 0.97383 0.97412 0.99583 0.97347 0.94745 0.97347 0.99583 0.97412 0.97383 0.99583 0.97340 0.99583 0.96864 0.99583 0.14173
0.80487 0.99583 0.97362 0.99583 0.99583 0.99583 0.99583 0.94708 0.99583 0.96392 0.99583 0.99583 0.95999 0.99583 0.94740 0.99583 0.95999 0.99583 0.99583 0.96392 0.99583 0.96748 0.99583 0.91586 0.35515
0.93563 0.94433 0.99583 0.99583 0.99583 0.99583 0.99583 0.96855 0.95530 0.99583 0.99583 0.99583 0.99583 0.95542 0.94917 0.95542 0.99583 0.99583 0.99583 0.99583 0.95530 0.96855 0.99583 0.93751 0.35292
0.93563 0.94433 0.99583 0.99583 0.99583 0.99583 0.99583 0.96855 0.95530 0.99583 0.99583 0.99583 0.99583 0.95542 0.94917 0.95542 0.99583 0.99583 0.99583 0.99583 0.95530 0.96855 0.99583 0.93751 0.35292
0.80487 0.99583 0.97362 0.99583 0.99583 0.99583 0.99583 0.94708 0.99583 0.96392 0.99583 0.99583 0.95999 0.99583 0.94740 0.99583 0.95999 0.99583 0.99583 0.96392 0.99583 0.96748 0.99583 0.91586 0.35515
0.95293 0.93353 0.99583 0.94708 0.96855 0.96855 0.94708 0.99583 0.94662 0.99583 0.94753 0.94813 0.96907 0.94677 0.95208 0.94677 0.96907 0.94813 0.94753 0.99583 0.94662 0.99583 0.93668 0.95431 0.14173
0.80611 0.99583 0.97340 0.99583 0.95530 0.95530 0.99583 0.94662 0.99583 0.96361 0.99583 0.99583 0.95965 0.99583 0.94694 0.99583 0.95965 0.99583 0.99583 0.96361 0.99583 0.96721 0.99583 0.80818 0.35574
0.94768 0.95475 0.99583 0.96392 0.99583 0.99583 0.96392 0.99583 0.96361 0.99583 0.96423 0.96463 0.99583 0.96372 0.95100 0.96372 0.99583 0.96463 0.96423 0.99583 0.96361 0.99583 0.95690 0.94921 0.35066
0.80364 0.99583 0.97383 0.99583 0.99583 0.99583 0.99583 0.94753 0.99583 0.96423 0.99583 0.99583 0.99583 0.99583 0.94785 0.99583 0.99583 0.99583 0.99583 0.96423 0.99583 0.96776 0.99583 0.92365 0.35458
0.80204 0.99583 0.97412 0.99583 0.99583 0.99583 0.99583 0.94813 0.99583 0.96463 0.99583 0.99583 0.99583 0.99583 0.94844 0.99583 0.99583 0.99583 0.99583 0.96463 0.99583 0.96811 0.99583 0.93086 0.35383
0.94191 0.94978 0.99583 0.95999 0.99583 0.99583 0.95999 0.96907 0.95965 0.99583 0.99583 0.99583 0.99583 0.95976 0.95002 0.95976 0.99583 0.99583 0.99583 0.99583 0.95965 0.96907 0.95216 0.94361 0.35185
0.80570 0.99583 0.97347 0.99583 0.95542 0.95542 0.99583 0.94677 0.99583 0.96372 0.99583 0.99583 0.95976 0.99583 0.94709 0.99583 0.95976 0.99583 0.99583 0.96372 0.99583 0.96730 0.99583 0.80777 0.35554
0.92367 0.93393 0.94745 0.94740 0.94917 0.94917 0.94740 0.95208 0.94694 0.95100 0.94785 0.94844 0.95002 0.94709 0.99583 0.94709 0.95002 0.94844 0.94785 0.95100 0.94694 0.95208 0.93706 0.92588 0.14170
0.80570 0.99583 0.97347 0.99583 0.95542 0.95542 0.99583 0.94677 0.99583 0.96372 0.99583 0.99583 0.95976 0.99583 0.94709 0.99583 0.95976 0.99583 0.99583 0.96372 0.99583 0.96730 0.99583 0.80777 0.35554
0.94191 0.94978 0.99583 0.95999 0.99583 0.99583 0.95999 0.96907 0.95965 0.99583 0.99583 0.99583 0.99583 0.95976 0.95002 0.95976 0.99583 0.99583 0.99583 0.99583 0.95965 0.96907 0.95216 0.94361 0.35185
0.80204 0.99583 0.97412 0.99583 0.99583 0.99583 0.99583 0.94813 0.99583 0.96463 0.99583 0.99583 0.99583 0.99583 0.94844 0.99583 0.99583 0.99583 0.99583 0.96463 0.99583 0.96811 0.99583 0.93086 0.35383
0.80364 0.99583 0.97383 0.99583 0.99583 0.99583 0.99583 0.94753 0.99583 0.96423 0.99583 0.99583 0.99583 0.99583 0.94785 0.99583 0.99583 0.99583 0.99583 0.96423 0.99583 0.96776 0.99583 0.92365 0.35458
0.94768 0.95475 0.99583 0.96392 0.99583 0.99583 0.96392 0.99583 0.96361 0.99583 0.96423 0.96463 0.99583 0.96372 0.95100 0.96372 0.99583 0.96463 0.96423 0.99583 0.96361 0.99583 0.95690 0.94921 0.35066
0.80611 0.99583 0.97340 0.99583 0.95530 0.95530 0.99583 0.94662 0.99583 0.96361 0.99583 0.99583 0.95965 0.99583 0.94694 0.99583 0.95965 0.99583 0.99583 0.96361 0.99583 0.96721 0.99583 0.80818 0.35574
0.95293 0.95928 0.99583 0.96748 0.96855 0.96855 0.96748 0.99583 0.96721 0.99583 0.96776 0.96811 0.96907 0.96730 0.95208 0.96730 0.96907 0.96811 0.96776 0.99583 0.96721 0.99583 0.96120 0.95431 0.14173
0.34260 0.99583 0.96864 0.99583 0.99583 0.99583 0.99583 0.93668 0.99583 0.95690 0.99583 0.99583 0.95216 0.99583 0.93706 0.99583 0.95216 0.99583 0.99583 0.95690 0.99583 0.96120 0.99583 0.99583 0.14298
0.36685 0.34700 0.99583 0.91586 0.93751 0.93751 0.91586 0.95431 0.80818 0.94921 0.92365 0.93086 0.94361 0.80777 0.92588 0.80777 0.94361 0.93086 0.92365 0.94921 0.80818 0.95431 0.99583 0.36283 0.14650
0.14747 0.14373 0.14173 0.35515 0.35292 0.35292 0.35515 0.14173 0.35574 0.35066 0.35458 0.35383 0.35185 0.35554 0.14170 0.35554 0.35185 0.35383 0.35458 0.35066 0.35574 0.14173 0.14298 0.14650 0.00000
