# name=grid_streets_w6 field=200x200 stride=8
25 25
0.36553 0.35783 0.95470 0.87763 0.93864 0.93169 0.93415 0.93634 0.92897 0.97193 0.87809 0.96969 0.87763 0.93864 0.93169 0.93415 0.93634 0.92897 0.97193 0.87809 0.94981 0.35701 0.36346 0.15544 0.00000
0.35783 0.99583 0.96090 0.99583 0.97598 0.99583 0.99583 0.99583 0.99583 0.97422 0.99583 0.97228 0.99583 0.97598 0.99583 0.99583 0.99583 0.99583 0.97422 0.99583 0.95670 0.99583 0.35476 0.15508 0.15508
0.95470 0.96090 0.99583 0.96892 0.99583 0.96933 0.96964 0.97003 0.96908 0.97815 0.96884 0.99583 0.96892 0.99583 0.96933 0.96964 0.97003 0.96908 0.97815 0.96884 0.99583 0.96180 0.95537 0.15491 0.15491
0.87763 0.99583 0.96892 0.99583 0.98810 0.99583 0.99583 0.99583 0.99583 0.98809 0.99583 0.98808 0.99583 0.98810 0.99583 0.99583 0.99583 0.99583 0.98809 0.99583 0.96565 0.99583 0.93075 0.38053 0.38053
0.93864 0.97598 0.99583 0.98810 0.99583 0.98810 0.98811 0.99583 0.98810 0.98814 0.98809 0.99583 0.98810 0.99583 0.98810 0.98811 0.99583 0.98810 0.98814 0.98809 0.99583 0.97246 0.93955 0.37669 0.15492
0.93169 0.99583 0.96933 0.99583 0.98810 0.99583 0.99583 0.99583 0.99583 0.98810 0.99583 0.98811 0.99583 0.98810 0.99583 0.99583 0.99583 0.99583 0.98810 0.99583 0.96690 0.99583 0.93099 0.37954 0.15498
0.93415 0.99583 0.96964 0.99583 0.98811 0.99583 0.99583 0.99583 0.99583 0.98811 0.99583 0.98812 0.99583 0.98811 0.99583 0.99583 0.99583 0.99583 0.98811 0.99583 0.99583 0.99583 0.93333 0.37877 0.15496
0.93634 0.99583 0.97003 0.99583 0.99583 0.99583 0.99583 0.99583 0.99583 0.98812 0.99583 0.98813 0.99583 0.99583 0.99583 0.99583 0.99583 0.99583 0.98812 0.99583 0.99583 0.99583 0.93540 0.37781 0.15494
0.92897 0.99583 0.96908 0.99583 0.98810 0.99583 0.99583 0.99583 0.99583 0.98810 0.99583 0.98809 0.99583 0.98810 0.99583 0.99583 0.99583 0.99583 0.98810 0.99583 0.96583 0.99583 0.92839 0.38013 0.15501
0.97193 0.97422 0.97815 0.98809 0.98814 0.98810 0.98811 0.98812 0.98810 0.98466 0.98808 0.98766 0.98809 0.98814 0.98810 0.98811 0.98812 0.98810 0.98466 0.98808 0.98818 0.97457 0.97217 0.37542 0.15491
0.87809 0.99583 0.96884 0.99583 0.98809 0.99583 0.99583 0.99583 0.99583 0.98808 0.99583 0.98807 0.99583 0.98809 0.99583 0.99583 0.99583 0.99583 0.98808 0.99583 0.96555 0.99583 0.87916 0.38073 0.38073
0.96969 0.97228 0.99583 0.98808 0.99583 0.98811 0.98812 0.98813 0.98809 0.98766 0.98807 0.99583 0.98808 0.99583 0.98811 0.98812 0.98813 0.98809 0.98766 0.98807 0.99583 0.97268 0.96996 0.15491 0.15491
0.87763 0.99583 0.96892 0.99583 0.98810 0.99583 0.99583 0.99583 0.99583 0.98809 0.99583 0.98808 0.99583 0.98810 0.99583 0.99583 0.99583 0.99583 0.98809 0.99583 0.96565 0.99583 0.93075 0.38053 0.38053
0.93864 0.97598 0.99583 0.98810 0.99583 0.98810 0.98811 0.99583 0.98810 0.98814 0.98809 0.99583 0.98810 0.99583 0.98810 0.98811 0.99583 0.98810 0.98814 0.98809 0.99583 0.97246 0.93955 0.37669 0.15492
0.93169 0.99583 0.96933 0.99583 0.98810 0.99583 0.99583 0.99583 0.99583 0.98810 0.99583 0.98811 0.99583 0.98810 0.99583 0.99583 0.99583 0.99583 0.98810 0.99583 0.96690 0.99583 0.93099 0.37954 0.15498
0.93415 0.99583 0.96964 0.99583 0.98811 0.99583 0.99583 0.99583 0.99583 0.98811 0.99583 0.98812 0.99583 0.98811 0.99583 0.99583 0.99583 0.99583 0.98811 0.99583 0.99583 0.99583 0.93333 0.37877 0.15496
0.93634 0.99583 0.97003 0.99583 0.99583 0.99583 0.99583 0.99583 0.99583 0.98812 0.99583 0.98813 0.99583 0.99583 0.99583 0.99583 0.99583 0.99583 0.98812 0.99583 0.99583 0.99583 0.93540 0.37781 0.15494
0.92897 0.99583 0.96908 0.99583 0.98810 0.99583 0.99583 0.99583 0.99583 0.98810 0.99583 0.98809 0.99583 0.98810 0.99583 0.99583 0.99583 0.99583 0.98810 0.99583 0.96583 0.99583 0.92839 0.38013 0.15501
0.97193 0.97422 0.97815 0.98809 0.98814 0.98810 0.98811 0.98812 0.98810 0.98466 0.98808 0.98766 0.98809 0.98814 0.98810 0.98811 0.98812 0.98810 0.98466 0.98808 0.98818 0.97457 0.97217 0.37542 0.15491
0.87809 0.99583 0.96884 0.99583 0.98809 0.99583 0.99583 0.99583 0.99583 0.98808 0.99583 0.98807 0.99583 0.98809 0.99583 0.99583 0.99583 0.99583 0.98808 0.99583 0.96555 0.99583 0.87916 0.38073 0.38073
0.94981 0.95670 0.99583 0.96565 0.99583 0.96690 0.99583 0.99583 0.96583 0.98818 0.96555 0.99583 0.96565 0.99583 0.96690 0.99583 0.99583 0.96583 0.98818 0.96555 0.99583 0.95771 0.95055 0.15491 0.15491
0.35701 0.99583 0.96180 0.99583 0.97246 0.99583 0.99583 0.99583 0.99583 0.97457 0.99583 0.97268 0.99583 0.97246 0.99583 0.99583 0.99583 0.99583 0.97457 0.99583 0.95771 0.99583 0.99583 0.15504 0.15504
0.36346 0.35476 0.95537 0.93075 0.93955 0.93099 0.93333 0.93540 0.92839 0.97217 0.87916 0.96996 0.93075 0.93955 0.93099 0.93333 0.93540 0.92839 0.97217 0.87916 0.95055 0.99583 0.36147 0.15539 0.00000
0.15544 0.15508 0.15491 0.38053 0.37669 0.37954 0.37877 0.37781 0.38013 0.37542 0.38073 0.15491 0.38053 0.37669 0.37954 0.37877 0.37781 0.38013 0.37542 0.38073 0.15491 0.15504 0.15539 0.00000 0.00000
0.00000 0.15508 0.15491 0.38053 0.15492 0.15498 0.15496 0.15494 0.15501 0.15491 0.38073 0.15491 0.38053 0.15492 0.15498 0.15496 0.15494 0.15501 0.15491 0.38073 0.15491 0.15504 0.00000 0.00000 0.00000
