# name=grid_streets_w8 field=200x200 stride=8
25 25
0.00000 0.40886 0.49482 0.54322 0.56109 0.55599 0.45369 0.33653 0.00000 0.00000 0.00000 0.00000 0.00000 0.00000 0.00000 0.00000 0.00000 0.00000 0.29052 0.41180 0.00000 0.00000 0.00000 0.00000 0.00000
0.40886 1.00000 1.00000 0.97728 0.72830 0.97968 0.95847 1.00000 0.96533 0.66369 0.96934 0.94476 0.95063 0.96533 0.66369 0.96934 0.94476 0.95063 1.00000 0.92860 0.00000 0.00000 0.00000 0.00000 0.00000
0.49482 1.00000 1.00000 0.98349 1.00000 0.98525 1.00000 1.00000 0.97467 1.00000 0.97765 1.00000 1.00000 0.97467 1.00000 0.97765 1.00000 1.00000 1.00000 1.00000 0.00000 0.00000 0.00000 0.00000 0.00000
0.54322 0.97728 0.98349 1.00000 1.00000 1.00000 0.98480 0.98303 0.98123 0.97994 1.00000 0.98035 0.98062 0.98123 0.97994 1.00000 0.98035 0.98062 0.98254 0.98368 0.00000 0.00000 0.00000 0.00000 0.00000
0.56109 0.72830 1.00000 1.00000 1.00000 1.00000 1.00000 1.00000 1.00000 1.00000 1.00000 1.00000 1.00000 1.00000 1.00000 1.00000 1.00000 1.00000 1.00000 1.00000 0.00000 0.00000 0.00000 0.00000 0.00000
0.55599 0.97968 0.98525 1.00000 1.00000 1.00000 0.98642 0.98484 0.98371 0.98207 0.98369 0.98244 0.98268 0.98371 0.98207 0.98369 0.98244 0.98268 0.98522 0.98541 0.00000 0.00000 0.00000 0.00000 0.00000
0.45369 0.95847 1.00000 0.98480 1.00000 0.98642 1.00000 1.00000 0.97666 0.96321 0.97941 1.00000 1.00000 0.97666 0.96321 0.97941 1.00000 1.00000 1.00000 0.96992 0.00000 0.00000 0.00000 0.00000 0.00000
0.33653 1.00000 1.00000 0.98303 1.00000 0.98484 1.00000 1.00000 0.97398 1.00000 0.97703 1.00000 1.00000 0.97398 1.00000 0.97703 1.00000 1.00000 1.00000 1.00000 0.00000 0.00000 0.00000 0.00000 0.00000
0.00000 0.96533 0.97467 0.98123 1.00000 0.98371 0.97666 0.97398 0.94241 0.96932 0.97535 0.96994 0.97035 0.94241 0.96932 0.97535 0.96994 0.97035 0.97239 0.97496 0.00000 0.00000 0.00000 0.00000 0.00000
0.00000 0.66369 1.00000 0.97994 1.00000 0.98207 0.96321 1.00000 0.96932 1.00000 0.97290 0.95095 0.95621 0.96932 1.00000 0.97290 0.95095 0.95621 1.00000 1.00000 0.00000 0.00000 0.00000 0.00000 0.00000
0.00000 0.96934 0.97765 1.00000 1.00000 0.98369 0.97941 0.97703 0.97535 0.97290 0.95051 0.97345 0.97380 0.97535 0.97290 0.95051 0.97345 0.97380 0.97761 0.97790 0.00000 0.00000 0.00000 0.00000 0.00000
0.00000 0.94476 1.00000 0.98035 1.00000 0.98244 1.00000 1.00000 0.96994 0.95095 0.97345 1.00000 1.00000 0.96994 0.95095 0.97345 1.00000 1.00000 1.00000 0.95975 0.00000 0.00000 0.00000 0.00000 0.00000
0.00000 0.95063 1.00000 0.98062 1.00000 0.98268 1.00000 1.00000 0.97035 0.95621 0.97380 1.00000 1.00000 0.97035 0.95621 0.97380 1.00000 1.00000 1.00000 0.96412 0.00000 0.00000 0.00000 0.00000 0.00000
0.00000 0.96533 0.97467 0.98123 1.00000 0.98371 0.97666 0.97398 0.94241 0.96932 0.97535 0.96994 0.97035 0.94241 0.96932 0.97535 0.96994 0.97035 0.97239 0.97496 0.00000 0.00000 0.00000 0.00000 0.00000
0.00000 0.66369 1.00000 0.97994 1.00000 0.98207 0.96321 1.00000 0.96932 1.00000 0.97290 0.95095 0.95621 0.96932 1.00000 0.97290 0.95095 0.95621 1.00000 1.00000 0.00000 0.00000 0.00000 0.00000 0.00000
0.00000 0.96934 0.97765 1.00000 1.00000 0.98369 0.97941 0.97703 0.97535 0.97290 0.95051 0.97345 0.97380 0.97535 0.97290 0.95051 0.97345 0.97380 0.97761 0.97790 0.00000 0.00000 0.00000 0.00000 0.00000
0.00000 0.94476 1.00000 0.98035 1.00000 0.98244 1.00000 1.00000 0.96994 0.95095 0.97345 1.00000 1.00000 0.96994 0.95095 0.97345 1.00000 1.00000 1.00000 0.95975 0.00000 0.00000 0.00000 0.00000 0.00000
0.00000 0.95063 1.00000 0.98062 1.00000 0.98268 1.00000 1.00000 0.97035 0.95621 0.97380 1.00000 1.00000 0.97035 0.95621 0.97380 1.00000 1.00000 1.00000 0.96412 0.00000 0.00000 0.00000 0.00000 0.00000
0.29052 1.00000 1.00000 0.98254 1.00000 0.98522 1.00000 1.00000 0.97239 1.00000 0.97761 1.00000 1.00000 0.97239 1.00000 0.97761 1.00000 1.00000 1.00000 1.00000 0.00000 0.00000 0.00000 0.00000 0.00000
0.41180 0.92860 1.00000 0.98368 1.00000 0.98541 0.96992 1.00000 0.97496 1.00000 0.97790 0.95975 0.96412 0.97496 1.00000 0.97790 0.95975 0.96412 1.00000 1.00000 0.00000 0.00000 0.00000 0.00000 0.00000
0.00000 0.00000 0.00000 0.00000 0.00000 0.00000 0.00000 0.00000 0.00000 0.00000 0.00000 0.00000 0.00000 0.00000 0.00000 0.00000 0.00000 0.00000 0.00000 0.00000 0.00000 0.00000 0.00000 0.00000 0.00000
0.00000 0.00000 0.00000 0.00000 0.00000 0.00000 0.00000 0.00000 0.00000 0.00000 0.00000 0.00000 0.00000 0.00000 0.00000 0.00000 0.00000 0.00000 0.00000 0.00000 0.00000 0.00000 0.00000 0.00000 0.00000
0.00000 0.00000 0.00000 0.00000 0.00000 0.00000 0.00000 0.00000 0.00000 0.00000 0.00000 0.00000 0.00000 0.00000 0.00000 0.00000 0.00000 0.00000 0.00000 0.00000 0.00000 0.00000 0.00000 0.00000 0.00000
0.00000 0.00000 0.00000 0.00000 0.00000 0.00000 0.00000 0.00000 0.00000 0.00000 0.00000 0.00000 0.00000 0.00000 0.00000 0.00000 0.00000 0.00000 0.00000 0.00000 0.00000 0.00000 0.00000 0.00000 0.00000
0.00000 0.00000 0.00000 0.00000 0.00000 0.00000 0.00000 0.00000 0.00000 0.00000 0.00000 0.00000 0.00000 0.00000 0.00000 0.00000 0.00000 0.00000 0.00000 0.00000 0.00000 0.00000 0.00000 0.00000 0.00000
