# name=grid_rounded_corners field=200x200 stride=8
25 25
0.00000 0.13417 0.33530 0.31490 0.69446 0.69456 0.69446 0.69456 0.69446 0.69456 0.69446 0.69456 0.69446 0.69456 0.69446 0.69456 0.69446 0.69456 0.69446 0.69456 0.69446 0.31282 0.35204 0.13827 0.00000
0.13417 0.34807 1.00000 0.93222 1.00000 0.89834 1.00000 0.89834 1.00000 0.89834 1.00000 0.89834 1.00000 0.89834 1.00000 0.89834 1.00000 0.89834 1.00000 0.89834 1.00000 0.95852 1.00000 0.35647 0.13417
0.33530 1.00000 0.95276 1.00000 0.96239 1.00000 0.96239 1.00000 0.96239 1.00000 0.96239 1.00000 0.96239 1.00000 0.96239 1.00000 0.96239 1.00000 0.96239 1.00000 0.98026 1.00000 0.97159 1.00000 0.12904
0.31490 0.93222 1.00000 1.00000 1.00000 1.00000 1.00000 1.00000 1.00000 1.00000 1.00000 1.00000 1.00000 1.00000 1.00000 1.00000 1.00000 1.00000 1.00000 1.00000 1.00000 1.00000 1.00000 0.92675 0.31490
0.69446 1.00000 0.96239 1.00000 0.97018 1.00000 0.97018 1.00000 0.97018 1.00000 0.97018 1.00000 0.97018 1.00000 0.97018 1.00000 0.97018 1.00000 0.97018 1.00000 0.98451 1.00000 0.97764 0.90428 0.31566
0.69456 0.89834 1.00000 1.00000 1.00000 1.00000 1.00000 1.00000 1.00000 1.00000 1.00000 1.00000 1.00000 1.00000 1.00000 1.00000 1.00000 1.00000 1.00000 1.00000 1.00000 1.00000 0.96735 0.89061 0.31490
0.69446 1.00000 0.96239 1.00000 0.97018 1.00000 0.97018 1.00000 0.97018 1.00000 0.97018 1.00000 0.97018 1.00000 0.97018 1.00000 0.97018 1.00000 0.97018 1.00000 0.98451 1.00000 0.97764 0.90428 0.31566
0.69456 0.89834 1.00000 1.00000 1.00000 1.00000 1.00000 1.00000 1.00000 1.00000 1.00000 1.00000 1.00000 1.00000 1.00000 1.00000 1.00000 1.00000 1.00000 1.00000 1.00000 1.00000 0.96735 0.89061 0.31490
0.69446 1.00000 0.96239 1.00000 0.97018 1.00000 0.97018 1.00000 0.97018 1.00000 0.97018 1.00000 0.97018 1.00000 0.97018 1.00000 0.97018 1.00000 0.97018 1.00000 0.98451 1.00000 0.97764 0.90428 0.31566
0.69456 0.89834 1.00000 1.00000 1.00000 1.00000 1.00000 1.00000 1.00000 1.00000 1.00000 1.00000 1.00000 1.00000 1.00000 1.00000 1.00000 1.00000 1.00000 1.00000 1.00000 1.00000 0.96735 0.89061 0.31490
0.69446 1.00000 0.96239 1.00000 0.97018 1.00000 0.97018 1.00000 0.97018 1.00000 0.97018 1.00000 0.97018 1.00000 0.97018 1.00000 0.97018 1.00000 0.97018 1.00000 0.98451 1.00000 0.97764 0.90428 0.31566
0.69456 0.89834 1.00000 1.00000 1.00000 1.00000 1.00000 1.00000 1.00000 1.00000 1.00000 1.00000 1.00000 1.00000 1.00000 1.00000 1.00000 1.00000 1.00000 1.00000 1.00000 1.00000 0.96735 0.89061 0.31490
0.69446 1.00000 0.96239 1.00000 0.97018 1.00000 0.97018 1.00000 0.97018 1.00000 0.97018 1.00000 0.97018 1.00000 0.97018 1.00000 0.97018 1.00000 0.97018 1.00000 0.98451 1.00000 0.97764 0.90428 0.31566
0.69456 0.89834 1.00000 1.00000 1.00000 1.00000 1.00000 1.00000 1.00000 1.00000 1.00000 1.00000 1.00000 1.00000 1.00000 1.00000 1.00000 1.00000 1.00000 1.00000 1.00000 1.00000 0.96735 0.89061 0.31490
0.69446 1.00000 0.96239 1.00000 0.97018 1.00000 0.97018 1.00000 0.97018 1.00000 0.97018 1.00000 0.97018 1.00000 0.97018 1.00000 0.97018 1.00000 0.97018 1.00000 0.98451 1.00000 0.97764 0.90428 0.31566
0.69456 0.89834 1.00000 1.00000 1.00000 1.00000 1.00000 1.00000 1.00000 1.00000 1.00000 1.00000 1.00000 1.00000 1.00000 1.00000 1.00000 1.00000 1.00000 1.00000 1.00000 1.00000 0.96735 0.89061 0.31490
0.69446 1.00000 0.96239 1.00000 0.97018 1.00000 0.97018 1.00000 0.97018 1.00000 0.97018 1.00000 0.97018 1.00000 0.97018 1.00000 0.97018 1.00000 0.97018 1.00000 0.98451 1.00000 0.97764 0.90428 0.31566
0.69456 0.89834 1.00000 1.00000 1.00000 1.00000 1.00000 1.00000 1.00000 1.00000 1.00000 1.00000 1.00000 1.00000 1.00000 1.00000 1.00000 1.00000 1.00000 1.00000 1.00000 1.00000 0.96735 0.89061 0.31490
0.69446 1.00000 0.96239 1.00000 0.97018 1.00000 0.97018 1.00000 0.97018 1.00000 0.97018 1.00000 0.97018 1.00000 0.97018 1.00000 0.97018 1.00000 0.97018 1.00000 0.98451 1.00000 0.97764 0.90428 0.31566
0.69456 0.89834 1.00000 1.00000 1.00000 1.00000 1.00000 1.00000 1.00000 1.00000 1.00000 1.00000 1.00000 1.00000 1.00000 1.00000 1.00000 1.00000 1.00000 1.00000 1.00000 1.00000 0.96735 0.89061 0.31490
0.69446 1.00000 0.98026 1.00000 0.98451 1.00000 0.98451 1.00000 0.98451 1.00000 0.98451 1.00000 0.98451 1.00000 0.98451 1.00000 0.98451 1.00000 0.98451 1.00000 1.00000 1.00000 1.00000 0.90428 0.31566
0.31282 0.95852 1.00000 1.00000 1.00000 1.00000 1.00000 1.00000 1.00000 1.00000 1.00000 1.00000 1.00000 1.00000 1.00000 1.00000 1.00000 1.00000 1.00000 1.00000 1.00000 1.00000 0.96094 0.95503 0.12808
0.35204 1.00000 0.97159 1.00000 0.97764 0.96735 0.97764 0.96735 0.97764 0.96735 0.97764 0.96735 0.97764 0.96735 0.97764 0.96735 0.97764 0.96735 0.97764 0.96735 1.00000 0.96094 1.00000 0.34879 0.13192
0.13827 0.35647 1.00000 0.92675 0.90428 0.89061 0.90428 0.89061 0.90428 0.89061 0.90428 0.89061 0.90428 0.89061 0.90428 0.89061 0.90428 0.89061 0.90428 0.89061 0.90428 0.95503 0.34879 0.36684 0.00000
0.00000 0.13417 0.12904 0.31490 0.31566 0.31490 0.31566 0.31490 0.31566 0.31490 0.31566 0.31490 0.31566 0.31490 0.31566 0.31490 0.31566 0.31490 0.31566 0.31490 0.31566 0.12808 0.13192 0.00000 0.00000
