# name=grid_streets_w8 field=200x200 stride=8
25 25
0.00000 0.40886 0.49482 0.54322 0.56109 0.55599 0.45369 0.33653 0.00000 0.00000 0.00000 0.00000 0.58298 0.57679 0.58662 0.33333 0.00000 0.00000 0.29052 0.41180 0.53184 0.58912 0.62500 0.66667 0.66667
0.40886 1.00000 1.00000 0.97728 0.72830 0.97968 0.95847 1.00000 0.96533 0.66369 0.96934 0.94476 0.97563 0.96533 0.95862 0.98479 0.94476 0.95063 1.00000 0.92860 0.97879 1.00000 0.78351 0.81650 0.66667
0.49482 1.00000 1.00000 0.98349 1.00000 0.98525 1.00000 1.00000 0.97467 1.00000 0.97765 1.00000 1.00000 0.97467 1.00000 0.98889 1.00000 1.00000 1.00000 1.00000 0.98460 1.00000 1.00000 0.81650 0.81650
0.54322 0.97728 0.98349 1.00000 1.00000 1.00000 0.98480 0.98303 0.98123 0.97994 1.00000 0.98035 0.98992 0.98123 0.98508 1.00000 0.98035 0.98062 0.98254 0.98368 1.00000 1.00000 1.00000 0.81650 0.81650
0.56109 0.72830 1.00000 1.00000 1.00000 1.00000 1.00000 1.00000 1.00000 1.00000 1.00000 1.00000 1.00000 1.00000 1.00000 1.00000 1.00000 1.00000 1.00000 1.00000 1.00000 1.00000 1.00000 0.81650 0.81650
0.55599 0.97968 0.98525 1.00000 1.00000 1.00000 0.98642 0.98484 0.98371 0.98207 0.98369 0.98244 0.98922 0.98371 0.98404 1.00000 0.98805 0.98268 1.00000 1.00000 0.98855 1.00000 1.00000 0.81650 0.81650
0.45369 0.95847 1.00000 0.98480 1.00000 0.98642 1.00000 1.00000 0.97666 0.96321 0.97941 1.00000 1.00000 0.98673 1.00000 1.00000 1.00000 1.00000 1.00000 1.00000 0.98582 1.00000 1.00000 0.81650 0.81650
0.33653 1.00000 1.00000 0.98303 1.00000 0.98484 1.00000 1.00000 0.97398 1.00000 0.97703 1.00000 1.00000 0.97398 1.00000 1.00000 1.00000 1.00000 1.00000 1.00000 0.98417 1.00000 1.00000 0.81650 0.81650
0.00000 0.96533 0.97467 0.98123 1.00000 0.98371 0.97666 0.97398 0.94241 0.96932 0.97535 0.96994 0.98461 0.97078 0.97721 0.98829 0.96994 0.97035 0.97239 0.97496 0.98299 1.00000 1.00000 0.81650 0.81650
0.00000 0.66369 1.00000 0.97994 1.00000 0.98207 0.96321 1.00000 0.96932 1.00000 0.97290 0.95095 0.98108 0.97721 1.00000 0.97589 0.95095 0.95621 1.00000 1.00000 0.98128 1.00000 0.78729 0.81650 0.81650
0.00000 0.96934 0.97765 1.00000 1.00000 0.98369 0.97941 0.97703 0.97535 0.97290 0.95051 0.97345 0.98372 0.98829 0.97589 0.97494 0.97345 0.97380 0.97761 0.97790 0.96516 1.00000 1.00000 0.81650 0.81650
0.00000 0.94476 1.00000 0.98035 1.00000 0.98244 1.00000 1.00000 0.96994 0.95095 0.97345 1.00000 1.00000 0.98294 0.98232 0.98196 1.00000 1.00000 1.00000 0.95975 0.98167 1.00000 1.00000 0.81650 0.81650
0.58298 0.97563 1.00000 0.98992 1.00000 0.98922 1.00000 1.00000 0.98461 0.98108 0.98372 1.00000 1.00000 0.97035 0.95621 0.97380 1.00000 1.00000 1.00000 1.00000 0.98192 1.00000 1.00000 0.81650 0.81650
0.57679 0.96533 0.97467 0.98123 1.00000 0.98371 0.98673 0.97398 0.97078 0.97721 0.98829 0.98294 0.97035 0.94241 0.96932 0.97535 0.98294 0.98461 1.00000 1.00000 0.98299 1.00000 1.00000 0.81650 0.81650
0.58662 0.95862 1.00000 0.98508 1.00000 0.98404 1.00000 1.00000 0.97721 1.00000 0.97589 0.98232 0.95621 0.96932 1.00000 0.97290 0.98232 0.98108 1.00000 1.00000 0.98128 1.00000 0.78729 0.81650 0.81650
0.33333 0.98479 0.98889 1.00000 1.00000 1.00000 1.00000 1.00000 0.98829 0.97589 0.97494 0.98196 0.97380 0.97535 0.97290 0.95051 0.98196 0.98372 1.00000 1.00000 0.96516 1.00000 1.00000 0.81650 0.81650
0.00000 0.94476 1.00000 0.98035 1.00000 0.98805 1.00000 1.00000 0.96994 0.95095 0.97345 1.00000 1.00000 0.98294 0.98232 0.98196 1.00000 1.00000 1.00000 0.95975 0.98167 1.00000 1.00000 0.81650 0.81650
0.00000 0.95063 1.00000 0.98062 1.00000 0.98268 1.00000 1.00000 0.97035 0.95621 0.97380 1.00000 1.00000 0.98461 0.98108 0.98372 1.00000 1.00000 1.00000 0.96412 0.98192 1.00000 1.00000 0.81650 0.81650
0.29052 1.00000 1.00000 0.98254 1.00000 1.00000 1.00000 1.00000 0.97239 1.00000 0.97761 1.00000 1.00000 1.00000 1.00000 1.00000 1.00000 1.00000 1.00000 1.00000 0.98457 1.00000 1.00000 0.81650 0.81650
0.41180 0.92860 1.00000 0.98368 1.00000 1.00000 1.00000 1.00000 0.97496 1.00000 0.97790 0.95975 1.00000 1.00000 1.00000 1.00000 0.95975 0.96412 1.00000 1.00000 0.98477 1.00000 0.79262 0.81650 0.81650
0.53184 0.97879 0.98460 1.00000 1.00000 0.98855 0.98582 0.98417 0.98299 0.98128 0.96516 0.98167 0.98192 0.98299 0.98128 0.96516 0.98167 0.98192 0.98457 0.98477 0.97571 1.00000 1.00000 0.81650 0.81650
0.58912 1.00000 1.00000 1.00000 1.00000 1.00000 1.00000 1.00000 1.00000 1.00000 1.00000 1.00000 1.00000 1.00000 1.00000 1.00000 1.00000 1.00000 1.00000 1.00000 1.00000 1.00000 1.00000 0.81650 0.81650
0.62500 0.78351 1.00000 1.00000 1.00000 1.00000 1.00000 1.00000 1.00000 0.78729 1.00000 1.00000 1.00000 1.00000 0.78729 1.00000 1.00000 1.00000 1.00000 0.79262 1.00000 1.00000 1.00000 0.81650 0.66667
0.66667 0.81650 0.81650 0.81650 0.81650 0.81650 0.81650 0.81650 0.81650 0.81650 0.81650 0.81650 0.81650 0.81650 0.81650 0.81650 0.81650 0.81650 0.81650 0.81650 0.81650 0.81650 0.81650 0.66667 0.66667
0.66667 0.66667 0.81650 0.81650 0.81650 0.81650 0.81650 0.81650 0.81650 0.81650 0.81650 0.81650 0.81650 0.81650 0.81650 0.81650 0.81650 0.81650 0.81650 0.81650 0.81650 0.81650 0.66667 0.66667 0.66667
