# name=grid_streets_w5 field=200x200 stride=8
25 25
0.00000 0.35814 0.33042 0.30582 0.30727 0.30404 0.30835 0.29097 0.30908 0.28712 0.30945 0.90286 0.30945 0.28712 0.30908 0.29097 0.30835 0.30404 0.30727 0.30582 0.30582 0.30727 0.32623 0.35523 0.00000
0.35814 1.00000 0.97040 1.00000 1.00000 0.91009 1.00000 0.91223 1.00000 0.91352 1.00000 0.91395 1.00000 0.91352 1.00000 0.91223 1.00000 0.91009 1.00000 0.97545 0.97545 1.00000 0.96686 1.00000 0.35687
0.33042 0.97040 0.95454 0.98004 0.97982 0.97722 0.97964 0.97408 0.97953 1.00000 0.97947 1.00000 0.97947 1.00000 0.97953 0.97408 0.97964 0.97722 0.97982 0.96199 0.96199 0.97982 0.97299 0.97102 0.32984
0.30582 1.00000 0.98004 1.00000 1.00000 0.98060 1.00000 0.97797 1.00000 1.00000 1.00000 1.00000 1.00000 1.00000 1.00000 0.97797 1.00000 0.98060 1.00000 0.98297 0.98297 1.00000 0.97762 1.00000 0.30572
0.30727 1.00000 0.97982 1.00000 1.00000 0.98033 1.00000 0.97767 1.00000 1.00000 1.00000 1.00000 1.00000 1.00000 1.00000 0.97767 1.00000 0.98033 1.00000 0.98330 0.98330 1.00000 0.97737 1.00000 0.30714
0.30404 0.91009 0.97722 0.98060 0.98033 0.96358 0.98077 0.98264 0.98066 0.98318 0.98060 1.00000 0.98060 0.98318 0.98066 0.98264 0.98077 0.96358 0.98033 0.98060 0.98060 0.98033 0.95817 0.97260 0.93006
0.30835 1.00000 0.97964 1.00000 1.00000 0.98077 1.00000 0.97742 1.00000 0.97445 1.00000 1.00000 1.00000 0.97445 1.00000 0.97742 1.00000 0.98077 1.00000 0.98316 0.98316 1.00000 0.97718 1.00000 0.30820
0.29097 0.91223 0.97408 0.97797 0.97767 0.98264 0.97742 1.00000 0.97798 1.00000 0.97791 1.00000 0.97791 1.00000 0.97798 1.00000 0.97742 0.98264 0.97767 0.97797 0.97797 0.97767 0.98010 0.91393 0.90214
0.30908 1.00000 0.97953 1.00000 1.00000 0.98066 1.00000 0.97798 1.00000 0.97425 1.00000 1.00000 1.00000 0.97425 1.00000 0.97798 1.00000 0.98066 1.00000 0.98306 0.98306 1.00000 0.97705 1.00000 0.30892
0.28712 0.91352 1.00000 1.00000 1.00000 0.98318 0.97445 1.00000 0.97425 1.00000 0.97411 1.00000 0.97411 1.00000 0.97425 1.00000 0.97445 0.98318 1.00000 1.00000 1.00000 1.00000 0.98071 0.91519 0.90356
0.30945 1.00000 0.97947 1.00000 1.00000 0.98060 1.00000 0.97791 1.00000 0.97411 1.00000 0.93872 1.00000 0.97411 1.00000 0.97791 1.00000 0.98060 1.00000 0.98302 0.98302 1.00000 0.97698 1.00000 0.30928
0.90286 0.91395 1.00000 1.00000 1.00000 1.00000 1.00000 1.00000 1.00000 1.00000 0.93872 1.00000 0.93872 1.00000 1.00000 1.00000 1.00000 1.00000 1.00000 1.00000 1.00000 1.00000 1.00000 0.91561 0.90403
0.30945 1.00000 0.97947 1.00000 1.00000 0.98060 1.00000 0.97791 1.00000 0.97411 1.00000 0.93872 1.00000 0.97411 1.00000 0.97791 1.00000 0.98060 1.00000 0.98302 0.98302 1.00000 0.97698 1.00000 0.30928
0.28712 0.91352 1.00000 1.00000 1.00000 0.98318 0.97445 1.00000 0.97425 1.00000 0.97411 1.00000 0.97411 1.00000 0.97425 1.00000 0.97445 0.98318 1.00000 1.00000 1.00000 1.00000 0.98071 0.91519 0.90356
0.30908 1.00000 0.97953 1.00000 1.00000 0.98066 1.00000 0.97798 1.00000 0.97425 1.00000 1.00000 1.00000 0.97425 1.00000 0.97798 1.00000 0.98066 1.00000 0.98306 0.98306 1.00000 0.97705 1.00000 0.30892
0.29097 0.91223 0.97408 0.97797 0.97767 0.98264 0.97742 1.00000 0.97798 1.00000 0.97791 1.00000 0.97791 1.00000 0.97798 1.00000 0.97742 0.98264 0.97767 0.97797 0.97797 0.97767 0.98010 0.91393 0.90214
0.30835 1.00000 0.97964 1.00000 1.00000 0.98077 1.00000 0.97742 1.00000 0.97445 1.00000 1.00000 1.00000 0.97445 1.00000 0.97742 1.00000 0.98077 1.00000 0.98316 0.98316 1.00000 0.97718 1.00000 0.30820
0.30404 0.91009 0.97722 0.98060 0.98033 0.96358 0.98077 0.98264 0.98066 0.98318 0.98060 1.00000 0.98060 0.98318 0.98066 0.98264 0.98077 0.96358 0.98033 0.98060 0.98060 0.98033 0.95817 0.97260 0.93006
0.30727 1.00000 0.97982 1.00000 1.00000 0.98033 1.00000 0.97767 1.00000 1.00000 1.00000 1.00000 1.00000 1.00000 1.00000 0.97767 1.00000 0.98033 1.00000 0.98330 0.98330 1.00000 0.97737 1.00000 0.30714
0.30582 0.97545 0.96199 0.98297 0.98330 0.98060 0.98316 0.97797 0.98306 1.00000 0.98302 1.00000 0.98302 1.00000 0.98306 0.97797 0.98316 0.98060 0.98330 0.96733 0.96733 0.98330 0.97762 0.97597 0.30572
0.30582 0.97545 0.96199 0.98297 0.98330 0.98060 0.98316 0.97797 0.98306 1.00000 0.98302 1.00000 0.98302 1.00000 0.98306 0.97797 0.98316 0.98060 0.98330 0.96733 0.96733 0.98330 0.97762 0.97597 0.30572
0.30727 1.00000 0.97982 1.00000 1.00000 0.98033 1.00000 0.97767 1.00000 1.00000 1.00000 1.00000 1.00000 1.00000 1.00000 0.97767 1.00000 0.98033 1.00000 0.98330 0.98330 1.00000 0.97737 1.00000 0.30714
0.32623 0.96686 0.97299 0.97762 0.97737 0.95817 0.97718 0.98010 0.97705 0.98071 0.97698 1.00000 0.97698 0.98071 0.97705 0.98010 0.97718 0.95817 0.97737 0.97762 0.97762 0.97737 0.95089 0.96756 1.00000
0.35523 1.00000 0.97102 1.00000 1.00000 0.97260 1.00000 0.91393 1.00000 0.91519 1.00000 0.91561 1.00000 0.91519 1.00000 0.91393 1.00000 0.97260 1.00000 0.97597 0.97597 1.00000 0.96756 1.00000 0.35404
0.00000 0.35687 0.32984 0.30572 0.30714 0.93006 0.30820 0.90214 0.30892 0.90356 0.30928 0.90403 0.30928 0.90356 0.30892 0.90214 0.30820 0.93006 0.30714 0.30572 0.30572 0.30714 1.00000 0.35404 0.37278
