# name=grid_streets_w5 field=200x200 stride=8
25 25
0.00000 0.55700 0.54573 0.87986 0.88159 0.87774 0.88289 0.92937 0.88377 0.92745 0.88421 0.97662 0.88421 0.92745 0.88377 0.92937 0.88289 0.87774 0.88159 0.87986 0.87986 0.88159 0.54567 0.55580 0.33333
0.55700 1.00000 0.97040 1.00000 1.00000 0.98546 1.00000 0.98356 1.00000 0.98148 1.00000 0.97920 1.00000 0.98148 1.00000 0.98356 1.00000 0.98546 1.00000 0.97545 0.97545 1.00000 0.96686 1.00000 0.55294
0.54573 0.97040 0.95454 0.98004 0.97982 0.97752 0.97964 0.97967 0.97953 1.00000 0.97947 1.00000 0.97947 1.00000 0.97953 0.97967 0.97964 0.97752 0.97982 0.97144 0.97144 0.97982 0.97299 0.97102 0.54253
0.87986 1.00000 0.98004 1.00000 1.00000 1.00000 1.00000 1.00000 1.00000 1.00000 1.00000 1.00000 1.00000 1.00000 1.00000 1.00000 1.00000 1.00000 1.00000 1.00000 1.00000 1.00000 0.97762 1.00000 0.88076
0.88159 1.00000 0.97982 1.00000 1.00000 1.00000 1.00000 1.00000 1.00000 1.00000 1.00000 1.00000 1.00000 1.00000 1.00000 1.00000 1.00000 1.00000 1.00000 0.99169 0.99169 1.00000 0.97737 1.00000 0.88247
0.87774 0.98546 0.97752 1.00000 1.00000 1.00000 0.99178 1.00000 0.99108 1.00000 0.99035 1.00000 0.99035 1.00000 0.99108 1.00000 0.99178 1.00000 1.00000 1.00000 1.00000 1.00000 0.96885 0.97454 0.94637
0.88289 1.00000 0.97964 1.00000 1.00000 0.99178 1.00000 1.00000 1.00000 1.00000 1.00000 1.00000 1.00000 1.00000 1.00000 1.00000 1.00000 0.99178 1.00000 0.99096 0.99096 1.00000 0.97718 1.00000 0.88377
0.92937 0.98356 0.97967 1.00000 1.00000 1.00000 1.00000 1.00000 0.99192 1.00000 0.99126 1.00000 0.99126 1.00000 0.99192 1.00000 1.00000 1.00000 1.00000 1.00000 1.00000 1.00000 0.98848 0.98387 0.98175
0.88377 1.00000 0.97953 1.00000 1.00000 0.99108 1.00000 0.99192 1.00000 1.00000 1.00000 1.00000 1.00000 1.00000 1.00000 0.99192 1.00000 0.99108 1.00000 0.99019 0.99019 1.00000 0.97705 1.00000 0.88464
0.92745 0.98148 1.00000 1.00000 1.00000 1.00000 1.00000 1.00000 1.00000 1.00000 1.00000 1.00000 1.00000 1.00000 1.00000 1.00000 1.00000 1.00000 1.00000 1.00000 1.00000 1.00000 0.98699 0.98182 0.97943
0.88421 1.00000 0.97947 1.00000 1.00000 0.99035 1.00000 0.99126 1.00000 1.00000 1.00000 1.00000 1.00000 1.00000 1.00000 0.99126 1.00000 0.99035 1.00000 0.98938 0.98938 1.00000 0.97698 1.00000 0.88508
0.97662 0.97920 1.00000 1.00000 1.00000 1.00000 1.00000 1.00000 1.00000 1.00000 1.00000 1.00000 1.00000 1.00000 1.00000 1.00000 1.00000 1.00000 1.00000 1.00000 1.00000 1.00000 1.00000 0.97959 0.97689
0.88421 1.00000 0.97947 1.00000 1.00000 0.99035 1.00000 0.99126 1.00000 1.00000 1.00000 1.00000 1.00000 1.00000 1.00000 0.99126 1.00000 0.99035 1.00000 0.98938 0.98938 1.00000 0.97698 1.00000 0.88508
0.92745 0.98148 1.00000 1.00000 1.00000 1.00000 1.00000 1.00000 1.00000 1.00000 1.00000 1.00000 1.00000 1.00000 1.00000 1.00000 1.00000 1.00000 1.00000 1.00000 1.00000 1.00000 0.98699 0.98182 0.97943
0.88377 1.00000 0.97953 1.00000 1.00000 0.99108 1.00000 0.99192 1.00000 1.00000 1.00000 1.00000 1.00000 1.00000 1.00000 0.99192 1.00000 0.99108 1.00000 0.99019 0.99019 1.00000 0.97705 1.00000 0.88464
0.92937 0.98356 0.97967 1.00000 1.00000 1.00000 1.00000 1.00000 0.99192 1.00000 0.99126 1.00000 0.99126 1.00000 0.99192 1.00000 1.00000 1.00000 1.00000 1.00000 1.00000 1.00000 0.98848 0.98387 0.98175
0.88289 1.00000 0.97964 1.00000 1.00000 0.99178 1.00000 1.00000 1.00000 1.00000 1.00000 1.00000 1.00000 1.00000 1.00000 1.00000 1.00000 0.99178 1.00000 0.99096 0.99096 1.00000 0.97718 1.00000 0.88377
0.87774 0.98546 0.97752 1.00000 1.00000 1.00000 0.99178 1.00000 0.99108 1.00000 0.99035 1.00000 0.99035 1.00000 0.99108 1.00000 0.99178 1.00000 1.00000 1.00000 1.00000 1.00000 0.96885 0.97454 0.94637
0.88159 1.00000 0.97982 1.00000 1.00000 1.00000 1.00000 1.00000 1.00000 1.00000 1.00000 1.00000 1.00000 1.00000 1.00000 1.00000 1.00000 1.00000 1.00000 0.99169 0.99169 1.00000 0.97737 1.00000 0.88247
0.87986 0.97545 0.97144 1.00000 0.99169 1.00000 0.99096 1.00000 0.99019 1.00000 0.98938 1.00000 0.98938 1.00000 0.99019 1.00000 0.99096 1.00000 0.99169 1.00000 1.00000 0.99169 0.97762 0.97597 0.88076
0.87986 0.97545 0.97144 1.00000 0.99169 1.00000 0.99096 1.00000 0.99019 1.00000 0.98938 1.00000 0.98938 1.00000 0.99019 1.00000 0.99096 1.00000 0.99169 1.00000 1.00000 0.99169 0.97762 0.97597 0.88076
0.88159 1.00000 0.97982 1.00000 1.00000 1.00000 1.00000 1.00000 1.00000 1.00000 1.00000 1.00000 1.00000 1.00000 1.00000 1.00000 1.00000 1.00000 1.00000 0.99169 0.99169 1.00000 0.97737 1.00000 0.88247
0.54567 0.96686 0.97299 0.97762 0.97737 0.96885 0.97718 0.98848 0.97705 0.98699 0.97698 1.00000 0.97698 0.98699 0.97705 0.98848 0.97718 0.96885 0.97737 0.97762 0.97762 0.97737 0.95089 0.96756 1.00000
0.55580 1.00000 0.97102 1.00000 1.00000 0.97454 1.00000 0.98387 1.00000 0.98182 1.00000 0.97959 1.00000 0.98182 1.00000 0.98387 1.00000 0.97454 1.00000 0.97597 0.97597 1.00000 0.96756 1.00000 0.55184
0.33333 0.55294 0.54253 0.88076 0.88247 0.94637 0.88377 0.98175 0.88464 0.97943 0.88508 0.97689 0.88508 0.97943 0.88464 0.98175 0.88377 0.94637 0.88247 0.88076 0.88076 0.88247 1.00000 0.55184 0.55917
