# name=grid_streets_w6 field=200x200 stride=8
25 25
0.00000 0.54549 0.50176 0.00000 0.88620 0.57043 0.88765 0.90410 0.88717 0.57239 0.88476 0.88287 0.00000 0.47023 0.00000 0.47206 0.00000 0.47145 0.00000 0.67983 0.74185 0.56794 0.75586 0.66667 0.66667
0.54549 0.52537 1.00000 0.94050 1.00000 0.98453 1.00000 0.98247 1.00000 0.97505 0.93645 0.94234 0.94050 1.00000 0.92225 1.00000 0.92313 1.00000 0.95210 1.00000 0.95189 1.00000 1.00000 0.78684 0.81650
0.50176 1.00000 1.00000 1.00000 1.00000 0.98247 1.00000 0.98433 1.00000 0.98045 1.00000 1.00000 1.00000 1.00000 0.97545 1.00000 0.97204 1.00000 1.00000 1.00000 1.00000 1.00000 1.00000 0.79235 0.81650
0.00000 0.94050 1.00000 1.00000 1.00000 1.00000 1.00000 1.00000 1.00000 1.00000 1.00000 1.00000 1.00000 1.00000 0.97935 1.00000 0.97650 1.00000 1.00000 1.00000 1.00000 1.00000 1.00000 0.79653 0.81650
0.88620 1.00000 1.00000 1.00000 1.00000 0.97846 1.00000 0.94530 1.00000 0.98982 1.00000 1.00000 1.00000 1.00000 1.00000 1.00000 1.00000 1.00000 1.00000 1.00000 1.00000 1.00000 1.00000 0.79579 1.00000
0.57043 0.98453 0.98247 1.00000 0.97846 0.96228 0.94418 0.98222 1.00000 1.00000 0.99023 1.00000 0.98887 1.00000 1.00000 1.00000 1.00000 1.00000 1.00000 1.00000 0.98431 1.00000 1.00000 0.79728 1.00000
0.88765 1.00000 1.00000 1.00000 1.00000 0.94418 1.00000 0.94483 1.00000 1.00000 1.00000 1.00000 1.00000 1.00000 1.00000 1.00000 1.00000 1.00000 1.00000 1.00000 1.00000 1.00000 1.00000 0.79560 1.00000
0.90410 0.98247 0.98433 1.00000 0.94530 0.98222 0.94483 1.00000 1.00000 1.00000 1.00000 0.99067 1.00000 1.00000 0.99079 1.00000 1.00000 1.00000 1.00000 1.00000 0.98212 1.00000 1.00000 0.79937 1.00000
0.88717 1.00000 1.00000 1.00000 1.00000 1.00000 1.00000 1.00000 1.00000 1.00000 1.00000 1.00000 1.00000 1.00000 1.00000 1.00000 1.00000 1.00000 1.00000 1.00000 1.00000 1.00000 1.00000 0.79566 0.81650
0.57239 0.97505 0.98045 1.00000 0.98982 1.00000 1.00000 1.00000 1.00000 1.00000 1.00000 1.00000 1.00000 1.00000 1.00000 1.00000 1.00000 1.00000 1.00000 1.00000 0.98628 1.00000 1.00000 0.79688 0.81650
0.88476 0.93645 1.00000 1.00000 1.00000 0.99023 1.00000 1.00000 1.00000 1.00000 1.00000 1.00000 1.00000 1.00000 1.00000 1.00000 1.00000 1.00000 1.00000 1.00000 1.00000 1.00000 1.00000 0.79598 0.81650
0.88287 0.94234 1.00000 1.00000 1.00000 1.00000 1.00000 0.99067 1.00000 1.00000 1.00000 1.00000 1.00000 1.00000 1.00000 1.00000 1.00000 1.00000 1.00000 1.00000 1.00000 1.00000 1.00000 0.79622 0.81650
0.00000 0.94050 1.00000 1.00000 1.00000 0.98887 1.00000 1.00000 1.00000 1.00000 1.00000 1.00000 1.00000 1.00000 0.97935 1.00000 0.99006 1.00000 1.00000 1.00000 1.00000 1.00000 1.00000 0.79653 0.81650
0.47023 1.00000 1.00000 1.00000 1.00000 1.00000 1.00000 1.00000 1.00000 1.00000 1.00000 1.00000 1.00000 1.00000 0.97846 1.00000 1.00000 1.00000 1.00000 1.00000 1.00000 1.00000 1.00000 0.79579 0.81650
0.00000 0.92225 0.97545 0.97935 1.00000 1.00000 1.00000 0.99079 1.00000 1.00000 1.00000 1.00000 0.97935 0.97846 0.96228 0.94418 1.00000 1.00000 0.98817 1.00000 0.98431 1.00000 1.00000 0.79728 0.81650
0.47206 1.00000 1.00000 1.00000 1.00000 1.00000 1.00000 1.00000 1.00000 1.00000 1.00000 1.00000 1.00000 1.00000 0.94418 1.00000 1.00000 1.00000 1.00000 1.00000 1.00000 1.00000 1.00000 0.79560 0.81650
0.00000 0.92313 0.97204 0.97650 1.00000 1.00000 1.00000 1.00000 1.00000 1.00000 1.00000 1.00000 0.99006 1.00000 1.00000 1.00000 1.00000 1.00000 1.00000 1.00000 0.98212 1.00000 1.00000 0.79937 0.81650
0.47145 1.00000 1.00000 1.00000 1.00000 1.00000 1.00000 1.00000 1.00000 1.00000 1.00000 1.00000 1.00000 1.00000 1.00000 1.00000 1.00000 1.00000 1.00000 1.00000 1.00000 1.00000 1.00000 0.79566 0.81650
0.00000 0.95210 1.00000 1.00000 1.00000 1.00000 1.00000 1.00000 1.00000 1.00000 1.00000 1.00000 1.00000 1.00000 0.98817 1.00000 1.00000 1.00000 1.00000 1.00000 1.00000 1.00000 1.00000 0.79688 0.81650
0.67983 1.00000 1.00000 1.00000 1.00000 1.00000 1.00000 1.00000 1.00000 1.00000 1.00000 1.00000 1.00000 1.00000 1.00000 1.00000 1.00000 1.00000 1.00000 1.00000 1.00000 1.00000 1.00000 0.79905 0.81650
0.74185 0.95189 1.00000 1.00000 1.00000 0.98431 1.00000 0.98212 1.00000 0.98628 1.00000 1.00000 1.00000 1.00000 0.98431 1.00000 0.98212 1.00000 1.00000 1.00000 1.00000 1.00000 1.00000 0.80125 0.81650
0.56794 1.00000 1.00000 1.00000 1.00000 1.00000 1.00000 1.00000 1.00000 1.00000 1.00000 1.00000 1.00000 1.00000 1.00000 1.00000 1.00000 1.00000 1.00000 1.00000 1.00000 1.00000 1.00000 1.00000 0.81650
0.75586 1.00000 1.00000 1.00000 1.00000 1.00000 1.00000 1.00000 1.00000 1.00000 1.00000 1.00000 1.00000 1.00000 1.00000 1.00000 1.00000 1.00000 1.00000 1.00000 1.00000 1.00000 1.00000 1.00000 0.81650
0.66667 0.78684 0.79235 0.79653 0.79579 0.79728 0.79560 0.79937 0.79566 0.79688 0.79598 0.79622 0.79653 0.79579 0.79728 0.79560 0.79937 0.79566 0.79688 0.79905 0.80125 1.00000 1.00000 0.66667 0.66667
0.66667 0.81650 0.81650 0.81650 1.00000 1.00000 1.00000 1.00000 0.81650 0.81650 0.81650 0.81650 0.81650 0.81650 0.81650 0.81650 0.81650 0.81650 0.81650 0.81650 0.81650 0.81650 0.81650 0.66667 0.66667
