# name=grid_streets_w1 field=200x200 stride=8
25 25
0.52862 1.00000 0.93400 0.96883 0.86073 0.95697 0.95697 0.86073 0.93708 0.85962 0.95233 0.93643 0.86110 0.93643 0.95233 0.85962 0.93708 0.86073 0.95697 0.95697 0.86073 0.96883 0.93400 1.00000 0.52862
1.00000 0.94566 0.97963 0.95585 1.00000 0.96502 0.96502 1.00000 0.93024 0.98340 0.96747 0.96237 1.00000 0.96237 0.96747 0.98340 0.93024 1.00000 0.96502 0.96502 1.00000 0.95585 0.97963 0.94566 1.00000
0.93400 0.97963 1.00000 1.00000 1.00000 1.00000 1.00000 1.00000 1.00000 1.00000 0.98799 1.00000 1.00000 1.00000 0.98799 1.00000 1.00000 1.00000 1.00000 1.00000 1.00000 1.00000 1.00000 0.97963 0.93400
0.96883 0.95585 1.00000 1.00000 1.00000 0.98788 0.98788 1.00000 1.00000 1.00000 0.98938 0.98620 1.00000 0.98620 0.98938 1.00000 1.00000 1.00000 0.98788 0.98788 1.00000 1.00000 1.00000 0.95585 0.96883
0.86073 1.00000 1.00000 1.00000 1.00000 1.00000 1.00000 1.00000 1.00000 1.00000 1.00000 1.00000 1.00000 1.00000 1.00000 1.00000 1.00000 1.00000 1.00000 1.00000 1.00000 1.00000 1.00000 1.00000 0.86073
0.95697 0.96502 1.00000 0.98788 1.00000 0.97763 0.97763 1.00000 0.98879 1.00000 0.97915 0.98885 1.00000 0.98885 0.97915 1.00000 0.98879 1.00000 0.97763 0.97763 1.00000 0.98788 1.00000 0.96502 0.95697
0.95697 0.96502 1.00000 0.98788 1.00000 0.97763 0.97763 1.00000 0.98879 1.00000 0.97915 0.98885 1.00000 0.98885 0.97915 1.00000 0.98879 1.00000 0.97763 0.97763 1.00000 0.98788 1.00000 0.96502 0.95697
0.86073 1.00000 1.00000 1.00000 1.00000 1.00000 1.00000 1.00000 1.00000 1.00000 1.00000 1.00000 1.00000 1.00000 1.00000 1.00000 1.00000 1.00000 1.00000 1.00000 1.00000 1.00000 1.00000 1.00000 0.86073
0.93708 0.93024 1.00000 1.00000 1.00000 0.98879 0.98879 1.00000 1.00000 1.00000 0.99000 0.98726 1.00000 0.98726 0.99000 1.00000 1.00000 1.00000 0.98879 0.98879 1.00000 1.00000 1.00000 0.93024 0.93708
0.85962 0.98340 1.00000 1.00000 1.00000 1.00000 1.00000 1.00000 1.00000 1.00000 0.99027 1.00000 1.00000 1.00000 0.99027 1.00000 1.00000 1.00000 1.00000 1.00000 1.00000 1.00000 1.00000 0.98340 0.85962
0.95233 0.96747 0.98799 0.98938 1.00000 0.97915 0.97915 1.00000 0.99000 0.99027 0.98063 0.99023 1.00000 0.99023 0.98063 0.99027 0.99000 1.00000 0.97915 0.97915 1.00000 0.98938 0.98799 0.96747 0.95233
0.93643 0.96237 1.00000 0.98620 1.00000 0.98885 0.98885 1.00000 0.98726 1.00000 0.99023 1.00000 1.00000 1.00000 0.99023 1.00000 0.98726 1.00000 0.98885 0.98885 1.00000 0.98620 1.00000 0.96237 0.93643
0.86110 1.00000 1.00000 1.00000 1.00000 1.00000 1.00000 1.00000 1.00000 1.00000 1.00000 1.00000 1.00000 1.00000 1.00000 1.00000 1.00000 1.00000 1.00000 1.00000 1.00000 1.00000 1.00000 1.00000 0.86110
0.93643 0.96237 1.00000 0.98620 1.00000 0.98885 0.98885 1.00000 0.98726 1.00000 0.99023 1.00000 1.00000 1.00000 0.99023 1.00000 0.98726 1.00000 0.98885 0.98885 1.00000 0.98620 1.00000 0.96237 0.93643
0.95233 0.96747 0.98799 0.98938 1.00000 0.97915 0.97915 1.00000 0.99000 0.99027 0.98063 0.99023 1.00000 0.99023 0.98063 0.99027 0.99000 1.00000 0.97915 0.97915 1.00000 0.98938 0.98799 0.96747 0.95233
0.85962 0.98340 1.00000 1.00000 1.00000 1.00000 1.00000 1.00000 1.00000 1.00000 0.99027 1.00000 1.00000 1.00000 0.99027 1.00000 1.00000 1.00000 1.00000 1.00000 1.00000 1.00000 1.00000 0.98340 0.85962
0.93708 0.93024 1.00000 1.00000 1.00000 0.98879 0.98879 1.00000 1.00000 1.00000 0.99000 0.98726 1.00000 0.98726 0.99000 1.00000 1.00000 1.00000 0.98879 0.98879 1.00000 1.00000 1.00000 0.93024 0.93708
0.86073 1.00000 1.00000 1.00000 1.00000 1.00000 1.00000 1.00000 1.00000 1.00000 1.00000 1.00000 1.00000 1.00000 1.00000 1.00000 1.00000 1.00000 1.00000 1.00000 1.00000 1.00000 1.00000 1.00000 0.86073
0.95697 0.96502 1.00000 0.98788 1.00000 0.97763 0.97763 1.00000 0.98879 1.00000 0.97915 0.98885 1.00000 0.98885 0.97915 1.00000 0.98879 1.00000 0.97763 0.97763 1.00000 0.98788 1.00000 0.96502 0.95697
0.95697 0.96502 1.00000 0.98788 1.00000 0.97763 0.97763 1.00000 0.98879 1.00000 0.97915 0.98885 1.00000 0.98885 0.97915 1.00000 0.98879 1.00000 0.97763 0.97763 1.00000 0.98788 1.00000 0.96502 0.95697
0.86073 1.00000 1.00000 1.00000 1.00000 1.00000 1.00000 1.00000 1.00000 1.00000 1.00000 1.00000 1.00000 1.00000 1.00000 1.00000 1.00000 1.00000 1.00000 1.00000 1.00000 1.00000 1.00000 1.00000 0.86073
0.96883 0.95585 1.00000 1.00000 1.00000 0.98788 0.98788 1.00000 1.00000 1.00000 0.98938 0.98620 1.00000 0.98620 0.98938 1.00000 1.00000 1.00000 0.98788 0.98788 1.00000 1.00000 1.00000 0.95585 0.96883
0.93400 0.97963 1.00000 1.00000 1.00000 1.00000 1.00000 1.00000 1.00000 1.00000 0.98799 1.00000 1.00000 1.00000 0.98799 1.00000 1.00000 1.00000 1.00000 1.00000 1.00000 1.00000 1.00000 0.97963 0.93400
1.00000 0.94566 0.97963 0.95585 1.00000 0.96502 0.96502 1.00000 0.93024 0.98340 0.96747 0.96237 1.00000 0.96237 0.96747 0.98340 0.93024 1.00000 0.96502 0.96502 1.00000 0.95585 0.97963 0.94566 1.00000
0.52862 1.00000 0.93400 0.96883 0.86073 0.95697 0.95697 0.86073 0.93708 0.85962 0.95233 0.93643 0.86110 0.93643 0.95233 0.85962 0.93708 0.86073 0.95697 0.95697 0.86073 0.96883 0.93400 1.00000 0.52862
