# name=grid_streets_w6 field=200x200 stride=8
25 25
0.00000 0.54549 0.50176 0.00000 0.47023 0.00000 0.47206 0.00000 0.47145 0.00000 0.46841 0.46600 0.00000 0.47023 0.00000 0.47206 0.00000 0.47145 0.00000 0.46841 0.46600 0.00000 0.54096 0.00000 0.00000
0.54549 0.52537 1.00000 0.94050 1.00000 0.92225 1.00000 0.92313 1.00000 0.92051 0.92704 0.93403 0.94050 1.00000 0.92225 1.00000 0.92313 1.00000 0.92051 0.92704 0.93403 1.00000 1.00000 0.54355 0.00000
0.50176 1.00000 1.00000 1.00000 1.00000 0.97545 1.00000 0.97204 1.00000 0.97852 1.00000 1.00000 1.00000 1.00000 0.97545 1.00000 0.97204 1.00000 0.97852 1.00000 1.00000 1.00000 1.00000 0.50086 0.00000
0.00000 0.94050 1.00000 1.00000 1.00000 0.97935 1.00000 0.97650 1.00000 1.00000 1.00000 1.00000 1.00000 1.00000 0.97935 1.00000 0.97650 1.00000 1.00000 1.00000 1.00000 1.00000 0.94169 0.46282 0.00000
0.47023 1.00000 1.00000 1.00000 1.00000 0.97846 1.00000 0.94530 1.00000 0.98112 1.00000 1.00000 1.00000 1.00000 0.97846 1.00000 0.94530 1.00000 0.98112 1.00000 1.00000 1.00000 1.00000 0.46993 0.00000
0.00000 0.92225 0.97545 0.97935 0.97846 0.96228 0.94418 0.98222 0.94434 0.97976 0.97870 0.97900 0.97935 0.97846 0.96228 0.94418 0.98222 0.94434 0.97976 0.97870 0.97900 0.97624 0.92377 0.45527 0.00000
0.47206 1.00000 1.00000 1.00000 1.00000 0.94418 1.00000 0.94483 1.00000 0.94288 1.00000 1.00000 1.00000 1.00000 0.94418 1.00000 0.94483 1.00000 0.94288 1.00000 1.00000 1.00000 1.00000 0.47173 0.00000
0.00000 0.92313 0.97204 0.97650 0.94530 0.98222 0.94483 1.00000 0.94499 1.00000 0.94578 0.97611 0.97650 0.94530 0.98222 0.94483 1.00000 0.94499 1.00000 0.94578 0.97611 0.97292 0.92463 0.43331 0.00000
0.47145 1.00000 1.00000 1.00000 1.00000 0.94434 1.00000 0.94499 1.00000 0.98095 1.00000 1.00000 1.00000 1.00000 0.94434 1.00000 0.94499 1.00000 0.98095 1.00000 1.00000 1.00000 1.00000 0.47113 0.00000
0.00000 0.92051 0.97852 1.00000 0.98112 0.97976 0.94288 1.00000 0.98095 1.00000 0.98133 0.98160 1.00000 0.98112 0.97976 0.94288 1.00000 0.98095 1.00000 0.98133 0.98160 1.00000 0.92206 0.45932 0.00000
0.46841 0.92704 1.00000 1.00000 1.00000 0.97870 1.00000 0.94578 1.00000 0.98133 1.00000 1.00000 1.00000 1.00000 0.97870 1.00000 0.94578 1.00000 0.98133 1.00000 1.00000 1.00000 1.00000 0.46814 0.00000
0.46600 0.93403 1.00000 1.00000 1.00000 0.97900 1.00000 0.97611 1.00000 0.98160 1.00000 1.00000 1.00000 1.00000 0.97900 1.00000 0.97611 1.00000 0.98160 1.00000 1.00000 1.00000 0.93534 0.46577 0.00000
0.00000 0.94050 1.00000 1.00000 1.00000 0.97935 1.00000 0.97650 1.00000 1.00000 1.00000 1.00000 1.00000 1.00000 0.97935 1.00000 0.97650 1.00000 1.00000 1.00000 1.00000 1.00000 0.94169 0.46282 0.00000
0.47023 1.00000 1.00000 1.00000 1.00000 0.97846 1.00000 0.94530 1.00000 0.98112 1.00000 1.00000 1.00000 1.00000 0.97846 1.00000 0.94530 1.00000 0.98112 1.00000 1.00000 1.00000 1.00000 0.46993 0.00000
0.00000 0.92225 0.97545 0.97935 0.97846 0.96228 0.94418 0.98222 0.94434 0.97976 0.97870 0.97900 0.97935 0.97846 0.96228 0.94418 0.98222 0.94434 0.97976 0.97870 0.97900 0.97624 0.92377 0.45527 0.00000
0.47206 1.00000 1.00000 1.00000 1.00000 0.94418 1.00000 0.94483 1.00000 0.94288 1.00000 1.00000 1.00000 1.00000 0.94418 1.00000 0.94483 1.00000 0.94288 1.00000 1.00000 1.00000 1.00000 0.47173 0.00000
0.00000 0.92313 0.97204 0.97650 0.94530 0.98222 0.94483 1.00000 0.94499 1.00000 0.94578 0.97611 0.97650 0.94530 0.98222 0.94483 1.00000 0.94499 1.00000 0.94578 0.97611 0.97292 0.92463 0.43331 0.00000
0.47145 1.00000 1.00000 1.00000 1.00000 0.94434 1.00000 0.94499 1.00000 0.98095 1.00000 1.00000 1.00000 1.00000 0.94434 1.00000 0.94499 1.00000 0.98095 1.00000 1.00000 1.00000 1.00000 0.47113 0.00000
0.00000 0.92051 0.97852 1.00000 0.98112 0.97976 0.94288 1.00000 0.98095 1.00000 0.98133 0.98160 1.00000 0.98112 0.97976 0.94288 1.00000 0.98095 1.00000 0.98133 0.98160 1.00000 0.92206 0.45932 0.00000
0.46841 0.92704 1.00000 1.00000 1.00000 0.97870 1.00000 0.94578 1.00000 0.98133 1.00000 1.00000 1.00000 1.00000 0.97870 1.00000 0.94578 1.00000 0.98133 1.00000 1.00000 1.00000 1.00000 0.46814 0.00000
0.46600 0.93403 1.00000 1.00000 1.00000 0.97900 1.00000 0.97611 1.00000 0.98160 1.00000 1.00000 1.00000 1.00000 0.97900 1.00000 0.97611 1.00000 0.98160 1.00000 1.00000 1.00000 0.93534 0.46577 0.00000
0.00000 1.00000 1.00000 1.00000 1.00000 0.97624 1.00000 0.97292 1.00000 1.00000 1.00000 1.00000 1.00000 1.00000 0.97624 1.00000 0.97292 1.00000 1.00000 1.00000 1.00000 1.00000 1.00000 0.49431 0.00000
0.54096 1.00000 1.00000 0.94169 1.00000 0.92377 1.00000 0.92463 1.00000 0.92206 1.00000 0.93534 0.94169 1.00000 0.92377 1.00000 0.92463 1.00000 0.92206 1.00000 0.93534 1.00000 1.00000 0.53913 0.00000
0.00000 0.54355 0.50086 0.46282 0.46993 0.45527 0.47173 0.43331 0.47113 0.45932 0.46814 0.46577 0.46282 0.46993 0.45527 0.47173 0.43331 0.47113 0.45932 0.46814 0.46577 0.49431 0.53913 0.00000 0.00000
0.00000 0.00000 0.00000 0.00000 0.00000 0.00000 0.00000 0.00000 0.00000 0.00000 0.00000 0.00000 0.00000 0.00000 0.00000 0.00000 0.00000 0.00000 0.00000 0.00000 0.00000 0.00000 0.00000 0.00000 0.00000
