# name=grid_streets_w9 field=200x200 stride=8
25 25
0.00000 0.03710 0.03008 0.02827 0.21183 0.02857 0.20696 0.21078 0.02803 0.21078 0.20696 0.02857 0.21183 0.02827 0.20848 0.20977 0.02809 0.21147 0.20525 0.20525 0.21147 0.02809 0.03077 0.03809 0.00000
0.00000 0.36639 1.00000 0.96538 0.51386 0.96068 0.94974 0.51373 1.00000 0.51373 0.94974 0.96068 0.51386 0.96538 0.94343 0.51364 1.00000 0.51381 0.95548 0.95548 0.51381 1.00000 0.34491 0.36866 0.00000
0.00000 1.00000 1.00000 0.97172 1.00000 0.96784 0.95877 1.00000 1.00000 1.00000 0.95877 0.96784 1.00000 0.97172 0.95351 1.00000 1.00000 1.00000 0.96353 0.96353 1.00000 1.00000 1.00000 0.34218 0.00000
0.00000 0.96538 0.97172 1.00000 0.97452 0.97220 1.00000 0.97479 1.00000 0.97479 1.00000 0.97220 0.97452 1.00000 0.97542 0.97506 1.00000 0.97461 0.96844 0.96844 0.97461 1.00000 0.97081 0.96474 0.00000
0.00000 0.39220 1.00000 0.97452 1.00000 0.97101 0.96278 0.94697 1.00000 0.94697 0.96278 0.97101 1.00000 0.97452 0.95800 0.95274 1.00000 0.94067 0.96710 0.96710 0.94067 1.00000 1.00000 0.39442 0.00000
0.00000 0.96068 0.96784 0.97220 0.97101 0.94606 0.97251 0.97132 1.00000 0.97132 0.97251 0.94606 0.97101 0.97220 0.97202 0.97162 1.00000 0.97111 0.94174 0.94174 0.97111 1.00000 0.96682 0.95996 0.00000
0.00000 0.94974 0.95877 1.00000 0.96278 0.97251 0.92746 0.96317 1.00000 0.96317 0.92746 0.97251 0.96278 1.00000 0.96406 0.96355 1.00000 0.96291 0.93243 0.93243 0.96291 1.00000 0.95747 0.94884 0.00000
0.00000 0.39732 1.00000 0.97479 0.94697 0.97132 0.96317 1.00000 1.00000 1.00000 0.96317 0.97132 0.94697 0.97479 0.95844 0.95323 1.00000 0.94716 0.96745 0.96745 0.94716 1.00000 1.00000 0.38511 0.00000
0.00000 1.00000 1.00000 1.00000 1.00000 1.00000 1.00000 1.00000 1.00000 1.00000 1.00000 1.00000 1.00000 1.00000 1.00000 1.00000 1.00000 1.00000 1.00000 1.00000 1.00000 1.00000 1.00000 1.00000 0.00000
0.00000 0.38554 1.00000 0.97479 0.94697 0.97132 0.96317 1.00000 1.00000 1.00000 0.96317 0.97132 0.94697 0.97479 0.95844 0.95323 1.00000 0.94716 0.96745 0.96745 0.94716 1.00000 1.00000 0.39732 0.00000
0.00000 0.94974 0.95877 1.00000 0.96278 0.97251 0.92746 0.96317 1.00000 0.96317 0.92746 0.97251 0.96278 1.00000 0.96406 0.96355 1.00000 0.96291 0.93243 0.93243 0.96291 1.00000 0.95747 0.94884 0.00000
0.00000 0.96068 0.96784 0.97220 0.97101 0.94606 0.97251 0.97132 1.00000 0.97132 0.97251 0.94606 0.97101 0.97220 0.97202 0.97162 1.00000 0.97111 0.94174 0.94174 0.97111 1.00000 0.96682 0.95996 0.00000
0.00000 0.39456 1.00000 0.97452 1.00000 0.97101 0.96278 0.94697 1.00000 0.94697 0.96278 0.97101 1.00000 0.97452 0.95800 0.95274 1.00000 0.94067 0.96710 0.96710 0.94067 1.00000 1.00000 0.39197 0.00000
0.00000 0.96538 0.97172 1.00000 0.97452 0.97220 1.00000 0.97479 1.00000 0.97479 1.00000 0.97220 0.97452 1.00000 0.97542 0.97506 1.00000 0.97461 0.96844 0.96844 0.97461 1.00000 0.97081 0.96474 0.00000
0.00000 0.94343 0.95351 0.97542 0.95800 0.97202 0.96406 0.95844 1.00000 0.95844 0.96406 0.97202 0.95800 0.97542 0.91674 0.95887 1.00000 0.95814 0.96825 0.96825 0.95814 1.00000 0.95206 0.39760 0.00000
0.00000 0.39773 1.00000 0.97506 0.95274 0.97162 0.96355 0.95323 1.00000 0.95323 0.96355 0.97162 0.95274 0.97506 0.95887 0.90510 1.00000 0.95290 0.96780 0.96780 0.95290 1.00000 0.94613 0.38073 0.00000
0.00000 1.00000 1.00000 1.00000 1.00000 1.00000 1.00000 1.00000 1.00000 1.00000 1.00000 1.00000 1.00000 1.00000 1.00000 1.00000 1.00000 1.00000 1.00000 1.00000 1.00000 1.00000 1.00000 1.00000 0.00000
0.00000 0.38919 1.00000 0.97461 0.94067 0.97111 0.96291 0.94716 1.00000 0.94716 0.96291 0.97111 0.94067 0.97461 0.95814 0.95290 1.00000 1.00000 0.96722 0.96722 1.00000 1.00000 1.00000 0.39620 0.00000
0.00000 0.95548 0.96353 0.96844 0.96710 0.94174 0.93243 0.96745 1.00000 0.96745 0.93243 0.94174 0.96710 0.96844 0.96825 0.96780 1.00000 0.96722 0.93724 0.93724 0.96722 1.00000 0.96238 0.95467 0.00000
0.00000 0.95548 0.96353 0.96844 0.96710 0.94174 0.93243 0.96745 1.00000 0.96745 0.93243 0.94174 0.96710 0.96844 0.96825 0.96780 1.00000 0.96722 0.93724 0.93724 0.96722 1.00000 0.96238 0.95467 0.00000
0.00000 0.39627 1.00000 0.97461 0.94067 0.97111 0.96291 0.94716 1.00000 0.94716 0.96291 0.97111 0.94067 0.97461 0.95814 0.95290 1.00000 1.00000 0.96722 0.96722 1.00000 1.00000 1.00000 0.38886 0.00000
0.00000 1.00000 1.00000 1.00000 1.00000 1.00000 1.00000 1.00000 1.00000 1.00000 1.00000 1.00000 1.00000 1.00000 1.00000 1.00000 1.00000 1.00000 1.00000 1.00000 1.00000 1.00000 1.00000 1.00000 0.00000
0.00000 0.34491 1.00000 0.97081 1.00000 0.96682 0.95747 1.00000 1.00000 1.00000 0.95747 0.96682 1.00000 0.97081 0.95206 0.94613 1.00000 1.00000 0.96238 0.96238 1.00000 1.00000 1.00000 0.34628 0.00000
0.00000 0.36866 0.34218 0.96474 0.51722 0.95996 0.94884 0.51705 1.00000 0.51705 0.94884 0.95996 0.51722 0.96474 0.51682 0.51693 1.00000 0.51716 0.95467 0.95467 0.51716 1.00000 0.34628 0.37105 0.00000
0.00000 0.03710 0.03008 0.02827 0.21183 0.02857 0.20696 0.21078 0.02803 0.21078 0.20696 0.02857 0.21183 0.02827 0.20848 0.20977 0.02809 0.21147 0.02897 0.02897 0.21147 0.02809 0.03077 0.03809 0.00000
