# name=grid_streets_w8 field=200x200 stride=8
25 25
0.00000 0.16667 0.16667 0.49902 0.51618 0.16667 0.51232 0.50980 0.49902 0.51618 0.16667 0.51232 0.50980 0.49902 0.51618 0.16667 0.51232 0.50980 0.49902 0.51618 0.16667 0.16667 0.16667 0.00000 0.00000
0.16667 0.54136 1.00000 0.95779 0.90313 0.96263 0.93321 0.94019 0.95779 0.90313 0.96263 0.93321 0.94019 0.95779 0.90313 0.96263 0.93321 0.94019 0.95779 0.90313 0.96263 1.00000 0.54471 0.16667 0.00000
0.16667 1.00000 1.00000 0.96554 1.00000 0.96953 1.00000 1.00000 0.96554 1.00000 0.96953 1.00000 1.00000 0.96554 1.00000 0.96953 1.00000 1.00000 0.96554 1.00000 0.96953 1.00000 1.00000 0.16667 0.16667
0.49902 0.95779 0.96554 0.97078 0.96932 0.97643 0.96994 0.97035 0.97078 0.96932 0.97643 0.96994 0.97035 0.97078 0.96932 0.97643 0.96994 0.97035 0.97078 0.96932 0.97643 0.96445 0.95700 0.16667 0.16667
0.51618 0.90313 1.00000 0.96932 1.00000 0.97290 0.96431 0.96178 0.96932 1.00000 0.97290 0.96431 0.96178 0.96932 1.00000 0.97290 0.96431 0.96178 0.96932 1.00000 0.97290 1.00000 0.90194 0.51618 0.51618
0.16667 0.96263 0.96953 0.97643 0.97290 0.97494 0.97345 0.97380 0.97643 0.97290 0.97494 0.97345 0.97380 0.97643 0.97290 0.97494 0.97345 0.97380 0.97643 0.97290 0.97494 0.96856 0.96192 0.16667 0.16667
0.51232 0.93321 1.00000 0.96994 0.96431 0.97345 1.00000 1.00000 0.96994 0.96431 0.97345 1.00000 1.00000 0.96994 0.96431 0.97345 1.00000 1.00000 0.96994 0.96431 0.97345 1.00000 0.93200 0.51232 0.16667
0.50980 0.94019 1.00000 0.97035 0.96178 0.97380 1.00000 1.00000 0.97035 0.96178 0.97380 1.00000 1.00000 0.97035 0.96178 0.97380 1.00000 1.00000 0.97035 0.96178 0.97380 1.00000 0.93910 0.50980 0.16667
0.49902 0.95779 0.96554 0.97078 0.96932 0.97643 0.96994 0.97035 0.97078 0.96932 0.97643 0.96994 0.97035 0.97078 0.96932 0.97643 0.96994 0.97035 0.97078 0.96932 0.97643 0.96445 0.95700 0.16667 0.16667
0.51618 0.90313 1.00000 0.96932 1.00000 0.97290 0.96431 0.96178 0.96932 1.00000 0.97290 0.96431 0.96178 0.96932 1.00000 0.97290 0.96431 0.96178 0.96932 1.00000 0.97290 1.00000 0.90194 0.51618 0.51618
0.16667 0.96263 0.96953 0.97643 0.97290 0.97494 0.97345 0.97380 0.97643 0.97290 0.97494 0.97345 0.97380 0.97643 0.97290 0.97494 0.97345 0.97380 0.97643 0.97290 0.97494 0.96856 0.96192 0.16667 0.16667
0.51232 0.93321 1.00000 0.96994 0.96431 0.97345 1.00000 1.00000 0.96994 0.96431 0.97345 1.00000 1.00000 0.96994 0.96431 0.97345 1.00000 1.00000 0.96994 0.96431 0.97345 1.00000 0.93200 0.51232 0.16667
0.50980 0.94019 1.00000 0.97035 0.96178 0.97380 1.00000 1.00000 0.97035 0.96178 0.97380 1.00000 1.00000 0.97035 0.96178 0.97380 1.00000 1.00000 0.97035 0.96178 0.97380 1.00000 0.93910 0.50980 0.16667
0.49902 0.95779 0.96554 0.97078 0.96932 0.97643 0.96994 0.97035 0.97078 0.96932 0.97643 0.96994 0.97035 0.97078 0.96932 0.97643 0.96994 0.97035 0.97078 0.96932 0.97643 0.96445 0.95700 0.16667 0.16667
0.51618 0.90313 1.00000 0.96932 1.00000 0.97290 0.96431 0.96178 0.96932 1.00000 0.97290 0.96431 0.96178 0.96932 1.00000 0.97290 0.96431 0.96178 0.96932 1.00000 0.97290 1.00000 0.90194 0.51618 0.51618
0.16667 0.96263 0.96953 0.97643 0.97290 0.97494 0.97345 0.97380 0.97643 0.97290 0.97494 0.97345 0.97380 0.97643 0.97290 0.97494 0.97345 0.97380 0.97643 0.97290 0.97494 0.96856 0.96192 0.16667 0.16667
0.51232 0.93321 1.00000 0.96994 0.96431 0.97345 1.00000 1.00000 0.96994 0.96431 0.97345 1.00000 1.00000 0.96994 0.96431 0.97345 1.00000 1.00000 0.96994 0.96431 0.97345 1.00000 0.93200 0.51232 0.16667
0.50980 0.94019 1.00000 0.97035 0.96178 0.97380 1.00000 1.00000 0.97035 0.96178 0.97380 1.00000 1.00000 0.97035 0.96178 0.97380 1.00000 1.00000 0.97035 0.96178 0.97380 1.00000 0.93910 0.50980 0.16667
0.49902 0.95779 0.96554 0.97078 0.96932 0.97643 0.96994 0.97035 0.97078 0.96932 0.97643 0.96994 0.97035 0.97078 0.96932 0.97643 0.96994 0.97035 0.97078 0.96932 0.97643 0.96445 0.95700 0.16667 0.16667
0.51618 0.90313 1.00000 0.96932 1.00000 0.97290 0.96431 0.96178 0.96932 1.00000 0.97290 0.96431 0.96178 0.96932 1.00000 0.97290 0.96431 0.96178 0.96932 1.00000 0.97290 1.00000 0.90194 0.51618 0.51618
0.16667 0.96263 0.96953 0.97643 0.97290 0.97494 0.97345 0.97380 0.97643 0.97290 0.97494 0.97345 0.97380 0.97643 0.97290 0.97494 0.97345 0.97380 0.97643 0.97290 0.97494 0.96856 0.96192 0.16667 0.16667
0.16667 1.00000 1.00000 0.96445 1.00000 0.96856 1.00000 1.00000 0.96445 1.00000 0.96856 1.00000 1.00000 0.96445 1.00000 0.96856 1.00000 1.00000 0.96445 1.00000 0.96856 1.00000 1.00000 0.16667 0.16667
0.16667 0.54471 1.00000 0.95700 0.90194 0.96192 0.93200 0.93910 0.95700 0.90194 0.96192 0.93200 0.93910 0.95700 0.90194 0.96192 0.93200 0.93910 0.95700 0.90194 0.96192 1.00000 0.54823 0.16667 0.00000
0.00000 0.16667 0.16667 0.16667 0.51618 0.16667 0.51232 0.50980 0.16667 0.51618 0.16667 0.51232 0.50980 0.16667 0.51618 0.16667 0.51232 0.50980 0.16667 0.51618 0.16667 0.16667 0.16667 0.00000 0.00000
0.00000 0.00000 0.16667 0.16667 0.51618 0.16667 0.16667 0.16667 0.16667 0.51618 0.16667 0.16667 0.16667 0.16667 0.51618 0.16667 0.16667 0.16667 0.16667 0.51618 0.16667 0.16667 0.00000 0.00000 0.00000
