# name=grid_streets_w9 field=200x200 stride=8
25 25
0.00000 0.16667 0.16667 0.16667 0.52365 0.16667 0.51335 0.52154 0.16667 0.52154 0.51335 0.16667 0.52365 0.16667 0.51670 0.51945 0.16667 0.52294 0.50942 0.50942 0.52294 0.16667 0.16667 0.16667 0.00000
0.00000 0.54958 1.00000 0.96538 0.84015 0.96068 0.94974 0.83901 1.00000 0.83901 0.94974 0.96068 0.84015 0.96538 0.94343 0.83788 1.00000 0.83977 0.95548 0.95548 0.83977 1.00000 0.51736 0.55299 0.00000
0.00000 1.00000 1.00000 0.97172 1.00000 0.96784 0.95877 1.00000 1.00000 1.00000 0.95877 0.96784 1.00000 0.97172 0.95351 1.00000 1.00000 1.00000 0.96353 0.96353 1.00000 1.00000 1.00000 0.51326 0.00000
0.00000 0.96538 0.97172 1.00000 0.97452 0.97220 1.00000 0.97479 1.00000 0.97479 1.00000 0.97220 0.97452 1.00000 0.97542 0.97506 1.00000 0.97461 0.96844 0.96844 0.97461 1.00000 0.97081 0.96474 0.00000
0.00000 0.59174 1.00000 0.97452 1.00000 0.97101 0.96278 0.95859 1.00000 0.95708 0.96278 0.97101 1.00000 0.97452 0.95991 0.96025 1.00000 0.95524 0.96710 0.96710 0.95663 1.00000 1.00000 0.59413 0.00000
0.00000 0.96068 0.96784 0.97220 0.97101 0.94606 0.97376 0.97132 1.00000 0.97132 0.97376 0.94606 0.97101 0.97220 0.97202 0.97162 1.00000 0.97111 0.94174 0.94174 0.97111 1.00000 0.96682 0.95996 0.00000
0.00000 0.94974 0.95877 1.00000 0.96278 0.97376 0.92746 0.96636 1.00000 0.96636 0.92746 0.97251 0.96278 1.00000 0.96975 0.96808 1.00000 0.96459 0.93243 0.93243 0.96459 1.00000 0.95747 0.94884 0.00000
0.00000 0.59765 1.00000 0.97479 0.95859 0.97132 0.96636 1.00000 1.00000 1.00000 0.96317 0.97132 0.95859 0.97479 0.96503 0.95536 1.00000 0.96010 0.96745 0.96745 0.96010 1.00000 1.00000 0.58167 0.00000
0.00000 1.00000 1.00000 1.00000 1.00000 1.00000 1.00000 1.00000 1.00000 1.00000 1.00000 1.00000 1.00000 1.00000 1.00000 1.00000 1.00000 1.00000 1.00000 1.00000 1.00000 1.00000 1.00000 1.00000 0.00000
0.00000 0.58244 1.00000 0.97479 0.95859 0.97132 0.96317 1.00000 1.00000 1.00000 0.96636 0.97132 0.95859 0.97479 0.95844 0.96345 1.00000 0.96010 0.96745 0.96745 0.96010 1.00000 1.00000 0.59697 0.00000
0.00000 0.94974 0.95877 1.00000 0.96278 0.97251 0.92746 0.96636 1.00000 0.96636 0.92746 0.97376 0.96278 1.00000 0.96975 0.96808 1.00000 0.96459 0.93243 0.93243 0.96459 1.00000 0.95747 0.94884 0.00000
0.00000 0.96068 0.96784 0.97220 0.97101 0.94606 0.97376 0.97132 1.00000 0.97132 0.97376 0.94606 0.97101 0.97220 0.97202 0.97162 1.00000 0.97111 0.94174 0.94174 0.97111 1.00000 0.96682 0.95996 0.00000
0.00000 0.59480 1.00000 0.97452 1.00000 0.97101 0.96278 0.95708 1.00000 0.95859 0.96278 0.97101 1.00000 0.97452 0.96165 0.95864 1.00000 0.95663 0.96710 0.96710 0.95524 1.00000 1.00000 0.59105 0.00000
0.00000 0.96538 0.97172 1.00000 0.97452 0.97220 1.00000 0.97479 1.00000 0.97479 1.00000 0.97220 0.97452 1.00000 0.97542 0.97506 1.00000 0.97461 0.96844 0.96844 0.97461 1.00000 0.97081 0.96474 0.00000
0.00000 0.94343 0.95351 0.97542 0.96165 0.97202 0.96406 0.96503 1.00000 0.96503 0.96975 0.97202 0.96165 0.97542 0.91674 0.96667 1.00000 0.96335 0.97099 0.96825 0.96335 1.00000 0.95206 0.59538 0.00000
0.00000 0.59744 1.00000 0.97506 0.96025 0.97162 0.96808 0.96345 1.00000 0.96345 0.96355 0.97162 0.96025 0.97506 0.96667 0.90510 1.00000 0.96186 0.96780 0.96925 0.96186 1.00000 0.94613 0.57542 0.00000
0.00000 1.00000 1.00000 1.00000 1.00000 1.00000 1.00000 1.00000 1.00000 1.00000 1.00000 1.00000 1.00000 1.00000 1.00000 1.00000 1.00000 1.00000 1.00000 1.00000 1.00000 1.00000 1.00000 1.00000 0.00000
0.00000 0.58761 1.00000 0.97461 0.95663 0.97111 0.96291 0.96010 1.00000 0.95558 0.96459 0.97111 0.95663 0.97461 0.95814 0.96186 1.00000 1.00000 0.96722 0.96722 1.00000 1.00000 1.00000 0.59611 0.00000
0.00000 0.95548 0.96353 0.96844 0.96710 0.94174 0.93243 0.96745 1.00000 0.96745 0.93243 0.94174 0.96710 0.96844 0.97099 0.96925 1.00000 0.96722 0.93724 0.93724 0.96722 1.00000 0.96238 0.95467 0.00000
0.00000 0.95548 0.96353 0.96844 0.96710 0.94174 0.93243 0.96745 1.00000 0.96745 0.93243 0.94174 0.96710 0.96844 0.97099 0.96925 1.00000 0.96722 0.93724 0.93724 0.96722 1.00000 0.96238 0.95467 0.00000
0.00000 0.59677 1.00000 0.97461 0.95663 0.97111 0.96459 0.95558 1.00000 0.96010 0.96291 0.97111 0.95663 0.97461 0.96335 0.95700 1.00000 1.00000 0.96722 0.96722 1.00000 1.00000 1.00000 0.58689 0.00000
0.00000 1.00000 1.00000 1.00000 1.00000 1.00000 1.00000 1.00000 1.00000 1.00000 1.00000 1.00000 1.00000 1.00000 1.00000 1.00000 1.00000 1.00000 1.00000 1.00000 1.00000 1.00000 1.00000 1.00000 0.00000
0.00000 0.51736 1.00000 0.97081 1.00000 0.96682 0.95747 1.00000 1.00000 1.00000 0.95747 0.96682 1.00000 0.97081 0.95206 0.94613 1.00000 1.00000 0.96238 0.96238 1.00000 1.00000 1.00000 0.51943 0.00000
0.00000 0.55299 0.51326 0.96474 0.84426 0.95996 0.94884 0.84306 1.00000 0.84306 0.94884 0.95996 0.84426 0.96474 0.84032 0.84188 1.00000 0.84386 0.95467 0.95467 0.84386 1.00000 0.51943 0.55657 0.00000
0.00000 0.16667 0.16667 0.16667 0.52365 0.16667 0.51335 0.52154 0.16667 0.52154 0.51335 0.16667 0.52365 0.16667 0.51670 0.51945 0.16667 0.52294 0.16667 0.16667 0.52294 0.16667 0.16667 0.16667 0.00000
