# name=grid_streets_w5 field=200x200 stride=8
25 25
0.00000 0.53721 0.49563 0.45874 0.88159 0.87774 0.88289 0.92937 0.88377 0.96055 0.95469 0.98362 0.96307 0.98448 0.95758 0.96468 0.88289 0.87774 0.88159 0.87986 0.66728 0.73095 0.70892 0.75215 0.63022
0.53721 1.00000 0.97040 1.00000 1.00000 0.98546 1.00000 0.98356 1.00000 1.00000 1.00000 0.98553 1.00000 0.98697 1.00000 1.00000 1.00000 0.98546 1.00000 1.00000 0.97903 1.00000 0.97833 1.00000 0.78395
0.49563 0.97040 0.95454 0.98004 0.97982 0.97752 0.97964 0.97967 0.97953 1.00000 1.00000 1.00000 1.00000 1.00000 1.00000 1.00000 0.97964 0.97752 0.97982 1.00000 0.96733 0.98469 0.98240 1.00000 0.78992
0.45874 1.00000 0.98004 1.00000 1.00000 1.00000 1.00000 1.00000 1.00000 1.00000 1.00000 1.00000 1.00000 1.00000 1.00000 1.00000 1.00000 1.00000 1.00000 1.00000 0.98515 1.00000 0.98545 1.00000 0.79444
0.88159 1.00000 0.97982 1.00000 1.00000 0.98674 1.00000 0.98802 1.00000 1.00000 1.00000 1.00000 1.00000 1.00000 1.00000 1.00000 1.00000 1.00000 1.00000 1.00000 1.00000 1.00000 1.00000 1.00000 0.79419
0.87774 0.98546 0.97752 1.00000 0.98674 0.98162 0.98798 0.99199 0.98880 0.99189 1.00000 1.00000 1.00000 1.00000 1.00000 1.00000 0.99178 1.00000 1.00000 1.00000 1.00000 1.00000 1.00000 1.00000 1.00000
0.88289 1.00000 0.97964 1.00000 1.00000 0.98798 1.00000 0.98878 1.00000 1.00000 1.00000 1.00000 1.00000 1.00000 1.00000 1.00000 1.00000 0.99178 1.00000 1.00000 1.00000 1.00000 1.00000 1.00000 0.79401
0.92937 0.98356 0.97967 1.00000 0.98802 0.99199 0.98878 1.00000 0.98985 1.00000 1.00000 1.00000 1.00000 1.00000 1.00000 1.00000 1.00000 1.00000 1.00000 1.00000 1.00000 1.00000 1.00000 1.00000 1.00000
0.88377 1.00000 0.97953 1.00000 1.00000 0.98880 1.00000 0.98985 1.00000 0.97757 1.00000 1.00000 1.00000 1.00000 1.00000 1.00000 1.00000 0.99108 1.00000 1.00000 1.00000 1.00000 1.00000 1.00000 0.79388
0.96055 1.00000 1.00000 1.00000 1.00000 0.99189 1.00000 1.00000 0.97757 1.00000 0.98245 1.00000 1.00000 1.00000 1.00000 1.00000 1.00000 1.00000 1.00000 1.00000 1.00000 1.00000 1.00000 1.00000 1.00000
0.95469 1.00000 1.00000 1.00000 1.00000 1.00000 1.00000 1.00000 1.00000 0.98245 1.00000 1.00000 1.00000 1.00000 1.00000 1.00000 1.00000 1.00000 1.00000 1.00000 1.00000 1.00000 1.00000 1.00000 0.79869
0.98362 0.98553 1.00000 1.00000 1.00000 1.00000 1.00000 1.00000 1.00000 1.00000 1.00000 1.00000 1.00000 1.00000 1.00000 1.00000 1.00000 1.00000 1.00000 1.00000 1.00000 1.00000 1.00000 1.00000 1.00000
0.96307 1.00000 1.00000 1.00000 1.00000 1.00000 1.00000 1.00000 1.00000 1.00000 1.00000 1.00000 1.00000 1.00000 1.00000 1.00000 1.00000 1.00000 1.00000 1.00000 1.00000 1.00000 1.00000 1.00000 1.00000
0.98448 0.98697 1.00000 1.00000 1.00000 1.00000 1.00000 1.00000 1.00000 1.00000 1.00000 1.00000 1.00000 1.00000 1.00000 1.00000 1.00000 1.00000 1.00000 1.00000 1.00000 1.00000 1.00000 1.00000 1.00000
0.95758 1.00000 1.00000 1.00000 1.00000 1.00000 1.00000 1.00000 1.00000 1.00000 1.00000 1.00000 1.00000 1.00000 1.00000 1.00000 1.00000 1.00000 1.00000 1.00000 1.00000 1.00000 1.00000 1.00000 0.79848
0.96468 1.00000 1.00000 1.00000 1.00000 1.00000 1.00000 1.00000 1.00000 1.00000 1.00000 1.00000 1.00000 1.00000 1.00000 1.00000 1.00000 1.00000 1.00000 1.00000 1.00000 1.00000 1.00000 1.00000 1.00000
0.88289 1.00000 0.97964 1.00000 1.00000 0.99178 1.00000 1.00000 1.00000 1.00000 1.00000 1.00000 1.00000 1.00000 1.00000 1.00000 1.00000 0.99178 1.00000 1.00000 1.00000 1.00000 1.00000 1.00000 0.98632
0.87774 0.98546 0.97752 1.00000 1.00000 1.00000 0.99178 1.00000 0.99108 1.00000 1.00000 1.00000 1.00000 1.00000 1.00000 1.00000 0.99178 1.00000 1.00000 1.00000 1.00000 1.00000 1.00000 1.00000 1.00000
0.88159 1.00000 0.97982 1.00000 1.00000 1.00000 1.00000 1.00000 1.00000 1.00000 1.00000 1.00000 1.00000 1.00000 1.00000 1.00000 1.00000 1.00000 1.00000 1.00000 1.00000 1.00000 1.00000 1.00000 0.98644
0.87986 1.00000 1.00000 1.00000 1.00000 1.00000 1.00000 1.00000 1.00000 1.00000 1.00000 1.00000 1.00000 1.00000 1.00000 1.00000 1.00000 1.00000 1.00000 1.00000 1.00000 1.00000 1.00000 1.00000 0.98659
0.66728 0.97903 0.96733 0.98515 1.00000 1.00000 1.00000 1.00000 1.00000 1.00000 1.00000 1.00000 1.00000 1.00000 1.00000 1.00000 1.00000 1.00000 1.00000 1.00000 0.97451 0.98922 0.98760 1.00000 0.79765
0.73095 1.00000 0.98469 1.00000 1.00000 1.00000 1.00000 1.00000 1.00000 1.00000 1.00000 1.00000 1.00000 1.00000 1.00000 1.00000 1.00000 1.00000 1.00000 1.00000 0.98922 1.00000 0.98886 1.00000 0.79953
0.70892 0.97833 0.98240 0.98545 1.00000 1.00000 1.00000 1.00000 1.00000 1.00000 1.00000 1.00000 1.00000 1.00000 1.00000 1.00000 1.00000 1.00000 1.00000 1.00000 0.98760 0.98886 1.00000 1.00000 1.00000
0.75215 1.00000 1.00000 1.00000 1.00000 1.00000 1.00000 1.00000 1.00000 1.00000 1.00000 1.00000 1.00000 1.00000 1.00000 1.00000 1.00000 1.00000 1.00000 1.00000 1.00000 1.00000 1.00000 1.00000 1.00000
0.63022 0.78395 0.78992 0.79444 0.79419 1.00000 0.79401 1.00000 0.79388 1.00000 0.79869 1.00000 1.00000 1.00000 0.79848 1.00000 0.98632 1.00000 0.98644 0.98659 0.79765 0.79953 1.00000 1.00000 1.00000
