# name=grid_streets_w7 field=200x200 stride=8
25 25
0.00000 0.00000 0.00000 0.00000 0.00000 0.00000 0.00000 0.00000 0.00000 0.00000 0.00000 0.00000 0.57112 0.58152 0.57759 0.57759 0.58152 0.57112 0.58253 0.57352 0.36146 0.47182 0.56585 0.60922 0.66667
0.00000 0.53327 1.00000 0.94945 0.91428 0.93221 0.91428 0.94945 0.93705 0.93004 0.95488 1.00000 0.98128 0.94144 0.94803 0.94352 0.94209 0.98550 1.00000 0.95488 1.00000 0.95369 1.00000 0.76202 0.78737
0.00000 1.00000 1.00000 1.00000 1.00000 0.94432 1.00000 1.00000 1.00000 1.00000 0.96318 1.00000 0.98455 1.00000 1.00000 1.00000 1.00000 0.98803 1.00000 0.96318 1.00000 1.00000 1.00000 1.00000 0.79279
0.00000 0.94945 1.00000 1.00000 0.96378 0.95400 0.96378 1.00000 1.00000 1.00000 1.00000 0.96366 0.98547 0.97023 1.00000 1.00000 0.98058 0.97312 0.97467 1.00000 1.00000 1.00000 1.00000 1.00000 0.79705
0.00000 0.91428 1.00000 0.96378 1.00000 0.95106 1.00000 0.96378 1.00000 1.00000 0.97751 1.00000 1.00000 1.00000 0.97992 0.97992 1.00000 1.00000 1.00000 0.97092 1.00000 1.00000 1.00000 1.00000 0.79576
0.00000 0.93221 0.94432 0.95400 0.95106 1.00000 0.95106 0.95400 1.00000 1.00000 1.00000 1.00000 1.00000 1.00000 1.00000 1.00000 1.00000 1.00000 1.00000 1.00000 1.00000 1.00000 1.00000 1.00000 0.81650
0.00000 0.91428 1.00000 0.96378 1.00000 0.95106 1.00000 0.96378 1.00000 1.00000 0.97092 1.00000 1.00000 1.00000 0.97992 0.97992 1.00000 1.00000 1.00000 0.97751 1.00000 1.00000 1.00000 1.00000 0.79576
0.00000 0.94945 1.00000 1.00000 0.96378 0.95400 0.96378 1.00000 1.00000 1.00000 1.00000 0.97467 0.98547 0.98058 1.00000 1.00000 0.97023 0.98547 0.97675 1.00000 1.00000 1.00000 1.00000 1.00000 0.79705
0.00000 0.93705 1.00000 1.00000 1.00000 1.00000 1.00000 1.00000 1.00000 1.00000 0.96866 1.00000 1.00000 1.00000 1.00000 1.00000 1.00000 1.00000 1.00000 0.98307 1.00000 1.00000 1.00000 1.00000 0.79636
0.00000 0.93004 1.00000 1.00000 1.00000 1.00000 1.00000 1.00000 1.00000 1.00000 0.96826 1.00000 1.00000 1.00000 1.00000 1.00000 1.00000 1.00000 1.00000 0.98133 1.00000 1.00000 1.00000 1.00000 0.79610
0.00000 0.95488 0.96318 1.00000 0.97751 1.00000 0.97092 1.00000 0.96866 0.96826 1.00000 0.96764 1.00000 0.97948 1.00000 1.00000 0.97948 1.00000 0.97542 1.00000 0.97274 0.97623 1.00000 1.00000 0.79748
0.00000 1.00000 1.00000 0.96366 1.00000 1.00000 1.00000 0.97467 1.00000 1.00000 0.96764 1.00000 1.00000 1.00000 0.97806 0.97611 1.00000 1.00000 1.00000 0.97542 1.00000 1.00000 1.00000 1.00000 0.79570
0.57112 0.98128 0.98455 0.98547 1.00000 1.00000 1.00000 0.98547 1.00000 1.00000 1.00000 1.00000 1.00000 1.00000 0.98388 0.98388 1.00000 1.00000 1.00000 1.00000 1.00000 1.00000 1.00000 1.00000 0.79796
0.58152 0.94144 1.00000 0.97023 1.00000 1.00000 1.00000 0.98058 1.00000 1.00000 0.97948 1.00000 1.00000 1.00000 1.00000 1.00000 1.00000 1.00000 1.00000 0.97948 1.00000 1.00000 1.00000 1.00000 0.79590
0.57759 0.94803 1.00000 1.00000 0.97992 1.00000 0.97992 1.00000 1.00000 1.00000 1.00000 0.97806 0.98388 1.00000 1.00000 1.00000 1.00000 0.98388 0.97806 1.00000 1.00000 1.00000 1.00000 1.00000 0.79668
0.57759 0.94352 1.00000 1.00000 0.97992 1.00000 0.97992 1.00000 1.00000 1.00000 1.00000 0.97611 0.98388 1.00000 1.00000 1.00000 1.00000 0.98388 0.97806 1.00000 1.00000 1.00000 1.00000 1.00000 0.79668
0.58152 0.94209 1.00000 0.98058 1.00000 1.00000 1.00000 0.97023 1.00000 1.00000 0.97948 1.00000 1.00000 1.00000 1.00000 1.00000 1.00000 0.95104 1.00000 0.96795 1.00000 1.00000 1.00000 1.00000 0.79590
0.57112 0.98550 0.98803 0.97312 1.00000 1.00000 1.00000 0.98547 1.00000 1.00000 1.00000 1.00000 1.00000 1.00000 0.98388 0.98388 0.95104 1.00000 0.95058 1.00000 1.00000 1.00000 1.00000 1.00000 0.79796
0.58253 1.00000 1.00000 0.97467 1.00000 1.00000 1.00000 0.97675 1.00000 1.00000 0.97542 1.00000 1.00000 1.00000 0.97806 0.97806 1.00000 0.95058 1.00000 0.96764 1.00000 1.00000 1.00000 1.00000 0.79570
0.57352 0.95488 0.96318 1.00000 0.97092 1.00000 0.97751 1.00000 0.98307 0.98133 1.00000 0.97542 1.00000 0.97948 1.00000 1.00000 0.96795 1.00000 0.96764 1.00000 1.00000 1.00000 1.00000 1.00000 0.79748
0.36146 1.00000 1.00000 1.00000 1.00000 1.00000 1.00000 1.00000 1.00000 1.00000 0.97274 1.00000 1.00000 1.00000 1.00000 1.00000 1.00000 1.00000 1.00000 1.00000 1.00000 1.00000 1.00000 1.00000 0.79900
0.47182 0.95369 1.00000 1.00000 1.00000 1.00000 1.00000 1.00000 1.00000 1.00000 0.97623 1.00000 1.00000 1.00000 1.00000 1.00000 1.00000 1.00000 1.00000 1.00000 1.00000 1.00000 1.00000 1.00000 0.80126
0.56585 1.00000 1.00000 1.00000 1.00000 1.00000 1.00000 1.00000 1.00000 1.00000 1.00000 1.00000 1.00000 1.00000 1.00000 1.00000 1.00000 1.00000 1.00000 1.00000 1.00000 1.00000 1.00000 1.00000 1.00000
0.60922 0.76202 1.00000 1.00000 1.00000 1.00000 1.00000 1.00000 1.00000 1.00000 1.00000 1.00000 1.00000 1.00000 1.00000 1.00000 1.00000 1.00000 1.00000 1.00000 1.00000 1.00000 1.00000 1.00000 1.00000
0.66667 0.78737 0.79279 0.79705 0.79576 0.81650 0.79576 0.79705 0.79636 0.79610 0.79748 0.79570 0.79796 0.79590 0.79668 0.79668 0.79590 0.79796 0.79570 0.79748 0.79900 0.80126 1.00000 1.00000 0.66667
