# name=grid_streets_w5 field=200x200 stride=8
25 25
0.00000 0.35814 0.33722 0.79637 0.79747 0.79502 0.79830 0.84429 0.79886 0.84299 0.79915 0.90510 0.79915 0.84299 0.79886 0.84429 0.79830 0.79502 0.79747 0.79637 0.79637 0.79747 0.33827 0.35523 0.15035
0.35814 1.00000 0.97040 1.00000 1.00000 0.91065 1.00000 0.91223 1.00000 0.91352 1.00000 0.91395 1.00000 0.91352 1.00000 0.91223 1.00000 0.91065 1.00000 0.97545 0.97545 1.00000 0.96686 1.00000 0.35687
0.33722 0.97040 0.95454 0.98004 0.97982 0.97722 0.97964 0.97408 0.97953 1.00000 0.97947 1.00000 0.97947 1.00000 0.97953 0.97408 0.97964 0.97722 0.97982 0.96199 0.96199 0.97982 0.97299 0.97102 0.33463
0.79637 1.00000 0.98004 1.00000 1.00000 0.98060 1.00000 0.97797 1.00000 1.00000 1.00000 1.00000 1.00000 1.00000 1.00000 0.97797 1.00000 0.98060 1.00000 0.98297 0.98297 1.00000 0.97762 1.00000 0.79622
0.79747 1.00000 0.97982 1.00000 1.00000 0.98033 1.00000 0.97767 1.00000 1.00000 1.00000 1.00000 1.00000 1.00000 1.00000 0.97767 1.00000 0.98033 1.00000 0.98330 0.98330 1.00000 0.97737 1.00000 0.79730
0.79502 0.91065 0.97722 0.98060 0.98033 0.96358 0.98077 0.98264 0.98066 0.98318 0.98060 1.00000 0.98060 0.98318 0.98066 0.98264 0.98077 0.96358 0.98033 0.98060 0.98060 0.98033 0.95817 0.97260 0.93006
0.79830 1.00000 0.97964 1.00000 1.00000 0.98077 1.00000 0.97742 1.00000 0.97445 1.00000 1.00000 1.00000 0.97445 1.00000 0.97742 1.00000 0.98077 1.00000 0.98316 0.98316 1.00000 0.97718 1.00000 0.79812
0.84429 0.91223 0.97408 0.97797 0.97767 0.98264 0.97742 1.00000 0.97798 1.00000 0.97791 1.00000 0.97791 1.00000 0.97798 1.00000 0.97742 0.98264 0.97767 0.97797 0.97797 0.97767 0.98010 0.91393 0.91037
0.79886 1.00000 0.97953 1.00000 1.00000 0.98066 1.00000 0.97798 1.00000 0.97425 1.00000 1.00000 1.00000 0.97425 1.00000 0.97798 1.00000 0.98066 1.00000 0.98306 0.98306 1.00000 0.97705 1.00000 0.79868
0.84299 0.91352 1.00000 1.00000 1.00000 0.98318 0.97445 1.00000 0.97425 1.00000 0.97411 1.00000 0.97411 1.00000 0.97425 1.00000 0.97445 0.98318 1.00000 1.00000 1.00000 1.00000 0.98071 0.91519 0.90761
0.79915 1.00000 0.97947 1.00000 1.00000 0.98060 1.00000 0.97791 1.00000 0.97411 1.00000 0.93872 1.00000 0.97411 1.00000 0.97791 1.00000 0.98060 1.00000 0.98302 0.98302 1.00000 0.97698 1.00000 0.79896
0.90510 0.91395 1.00000 1.00000 1.00000 1.00000 1.00000 1.00000 1.00000 1.00000 0.93872 1.00000 0.93872 1.00000 1.00000 1.00000 1.00000 1.00000 1.00000 1.00000 1.00000 1.00000 1.00000 0.91561 0.90468
0.79915 1.00000 0.97947 1.00000 1.00000 0.98060 1.00000 0.97791 1.00000 0.97411 1.00000 0.93872 1.00000 0.97411 1.00000 0.97791 1.00000 0.98060 1.00000 0.98302 0.98302 1.00000 0.97698 1.00000 0.79896
0.84299 0.91352 1.00000 1.00000 1.00000 0.98318 0.97445 1.00000 0.97425 1.00000 0.97411 1.00000 0.97411 1.00000 0.97425 1.00000 0.97445 0.98318 1.00000 1.00000 1.00000 1.00000 0.98071 0.91519 0.90761
0.79886 1.00000 0.97953 1.00000 1.00000 0.98066 1.00000 0.97798 1.00000 0.97425 1.00000 1.00000 1.00000 0.97425 1.00000 0.97798 1.00000 0.98066 1.00000 0.98306 0.98306 1.00000 0.97705 1.00000 0.79868
0.84429 0.91223 0.97408 0.97797 0.97767 0.98264 0.97742 1.00000 0.97798 1.00000 0.97791 1.00000 0.97791 1.00000 0.97798 1.00000 0.97742 0.98264 0.97767 0.97797 0.97797 0.97767 0.98010 0.91393 0.91037
0.79830 1.00000 0.97964 1.00000 1.00000 0.98077 1.00000 0.97742 1.00000 0.97445 1.00000 1.00000 1.00000 0.97445 1.00000 0.97742 1.00000 0.98077 1.00000 0.98316 0.98316 1.00000 0.97718 1.00000 0.79812
0.79502 0.91065 0.97722 0.98060 0.98033 0.96358 0.98077 0.98264 0.98066 0.98318 0.98060 1.00000 0.98060 0.98318 0.98066 0.98264 0.98077 0.96358 0.98033 0.98060 0.98060 0.98033 0.95817 0.97260 0.93006
0.79747 1.00000 0.97982 1.00000 1.00000 0.98033 1.00000 0.97767 1.00000 1.00000 1.00000 1.00000 1.00000 1.00000 1.00000 0.97767 1.00000 0.98033 1.00000 0.98330 0.98330 1.00000 0.97737 1.00000 0.79730
0.79637 0.97545 0.96199 0.98297 0.98330 0.98060 0.98316 0.97797 0.98306 1.00000 0.98302 1.00000 0.98302 1.00000 0.98306 0.97797 0.98316 0.98060 0.98330 0.96733 0.96733 0.98330 0.97762 0.97597 0.79622
0.79637 0.97545 0.96199 0.98297 0.98330 0.98060 0.98316 0.97797 0.98306 1.00000 0.98302 1.00000 0.98302 1.00000 0.98306 0.97797 0.98316 0.98060 0.98330 0.96733 0.96733 0.98330 0.97762 0.97597 0.79622
0.79747 1.00000 0.97982 1.00000 1.00000 0.98033 1.00000 0.97767 1.00000 1.00000 1.00000 1.00000 1.00000 1.00000 1.00000 0.97767 1.00000 0.98033 1.00000 0.98330 0.98330 1.00000 0.97737 1.00000 0.79730
0.33827 0.96686 0.97299 0.97762 0.97737 0.95817 0.97718 0.98010 0.97705 0.98071 0.97698 1.00000 0.97698 0.98071 0.97705 0.98010 0.97718 0.95817 0.97737 0.97762 0.97762 0.97737 0.95089 0.96756 1.00000
0.35523 1.00000 0.97102 1.00000 1.00000 0.97260 1.00000 0.91393 1.00000 0.91519 1.00000 0.91561 1.00000 0.91519 1.00000 0.91393 1.00000 0.97260 1.00000 0.97597 0.97597 1.00000 0.96756 1.00000 0.35404
0.15035 0.35687 0.33463 0.79622 0.79730 0.93006 0.79812 0.91037 0.79868 0.90761 0.79896 0.90468 0.79896 0.90761 0.79868 0.91037 0.79812 0.93006 0.79730 0.79622 0.79622 0.79730 1.00000 0.35404 0.37278
