# name=grid_streets_w1 field=200x200 stride=8
25 25
0.52862 1.00000 0.93400 0.96883 0.87960 0.95697 0.95697 0.87960 0.93708 0.87920 0.95233 0.93643 0.87973 0.93643 0.95233 0.87920 0.93708 0.87960 0.95697 0.95697 0.87960 0.96883 0.93400 1.00000 0.52862
1.00000 0.94566 0.97963 0.95585 1.00000 0.96502 0.96502 1.00000 0.93024 0.98340 0.96747 0.96237 1.00000 0.96237 0.96747 0.98340 0.93024 1.00000 0.96502 0.96502 1.00000 0.95585 0.97963 0.94566 1.00000
0.93400 0.97963 1.00000 1.00000 1.00000 1.00000 1.00000 1.00000 1.00000 1.00000 0.98799 1.00000 1.00000 1.00000 0.98799 1.00000 1.00000 1.00000 1.00000 1.00000 1.00000 1.00000 1.00000 0.97963 0.93400
0.96883 0.95585 1.00000 1.00000 1.00000 1.00000 1.00000 1.00000 1.00000 1.00000 1.00000 1.00000 1.00000 1.00000 1.00000 1.00000 1.00000 1.00000 1.00000 1.00000 1.00000 1.00000 1.00000 0.95585 0.96883
0.87960 1.00000 1.00000 1.00000 1.00000 1.00000 1.00000 1.00000 1.00000 1.00000 1.00000 1.00000 1.00000 1.00000 1.00000 1.00000 1.00000 1.00000 1.00000 1.00000 1.00000 1.00000 1.00000 1.00000 0.87960
0.95697 0.96502 1.00000 1.00000 1.00000 0.98875 0.98875 1.00000 1.00000 1.00000 0.99013 1.00000 1.00000 1.00000 0.99013 1.00000 1.00000 1.00000 0.98875 0.98875 1.00000 1.00000 1.00000 0.96502 0.95697
0.95697 0.96502 1.00000 1.00000 1.00000 0.98875 0.98875 1.00000 1.00000 1.00000 0.99013 1.00000 1.00000 1.00000 0.99013 1.00000 1.00000 1.00000 0.98875 0.98875 1.00000 1.00000 1.00000 0.96502 0.95697
0.87960 1.00000 1.00000 1.00000 1.00000 1.00000 1.00000 1.00000 1.00000 1.00000 1.00000 1.00000 1.00000 1.00000 1.00000 1.00000 1.00000 1.00000 1.00000 1.00000 1.00000 1.00000 1.00000 1.00000 0.87960
0.93708 0.93024 1.00000 1.00000 1.00000 1.00000 1.00000 1.00000 1.00000 1.00000 1.00000 1.00000 1.00000 1.00000 1.00000 1.00000 1.00000 1.00000 1.00000 1.00000 1.00000 1.00000 1.00000 0.93024 0.93708
0.87920 0.98340 1.00000 1.00000 1.00000 1.00000 1.00000 1.00000 1.00000 1.00000 1.00000 1.00000 1.00000 1.00000 1.00000 1.00000 1.00000 1.00000 1.00000 1.00000 1.00000 1.00000 1.00000 0.98340 0.87920
0.95233 0.96747 0.98799 1.00000 1.00000 0.99013 0.99013 1.00000 1.00000 1.00000 0.99027 1.00000 1.00000 1.00000 0.99027 1.00000 1.00000 1.00000 0.99013 0.99013 1.00000 1.00000 0.98799 0.96747 0.95233
0.93643 0.96237 1.00000 1.00000 1.00000 1.00000 1.00000 1.00000 1.00000 1.00000 1.00000 1.00000 1.00000 1.00000 1.00000 1.00000 1.00000 1.00000 1.00000 1.00000 1.00000 1.00000 1.00000 0.96237 0.93643
0.87973 1.00000 1.00000 1.00000 1.00000 1.00000 1.00000 1.00000 1.00000 1.00000 1.00000 1.00000 1.00000 1.00000 1.00000 1.00000 1.00000 1.00000 1.00000 1.00000 1.00000 1.00000 1.00000 1.00000 0.87973
0.93643 0.96237 1.00000 1.00000 1.00000 1.00000 1.00000 1.00000 1.00000 1.00000 1.00000 1.00000 1.00000 1.00000 1.00000 1.00000 1.00000 1.00000 1.00000 1.00000 1.00000 1.00000 1.00000 0.96237 0.93643
0.95233 0.96747 0.98799 1.00000 1.00000 0.99013 0.99013 1.00000 1.00000 1.00000 0.99027 1.00000 1.00000 1.00000 0.99027 1.00000 1.00000 1.00000 0.99013 0.99013 1.00000 1.00000 0.98799 0.96747 0.95233
0.87920 0.98340 1.00000 1.00000 1.00000 1.00000 1.00000 1.00000 1.00000 1.00000 1.00000 1.00000 1.00000 1.00000 1.00000 1.00000 1.00000 1.00000 1.00000 1.00000 1.00000 1.00000 1.00000 0.98340 0.87920
0.93708 0.93024 1.00000 1.00000 1.00000 1.00000 1.00000 1.00000 1.00000 1.00000 1.00000 1.00000 1.00000 1.00000 1.00000 1.00000 1.00000 1.00000 1.00000 1.00000 1.00000 1.00000 1.00000 0.93024 0.93708
0.87960 1.00000 1.00000 1.00000 1.00000 1.00000 1.00000 1.00000 1.00000 1.00000 1.00000 1.00000 1.00000 1.00000 1.00000 1.00000 1.00000 1.00000 1.00000 1.00000 1.00000 1.00000 1.00000 1.00000 0.87960
0.95697 0.96502 1.00000 1.00000 1.00000 0.98875 0.98875 1.00000 1.00000 1.00000 0.99013 1.00000 1.00000 1.00000 0.99013 1.00000 1.00000 1.00000 0.98875 0.98875 1.00000 1.00000 1.00000 0.96502 0.95697
0.95697 0.96502 1.00000 1.00000 1.00000 0.98875 0.98875 1.00000 1.00000 1.00000 0.99013 1.00000 1.00000 1.00000 0.99013 1.00000 1.00000 1.00000 0.98875 0.98875 1.00000 1.00000 1.00000 0.96502 0.95697
0.87960 1.00000 1.00000 1.00000 1.00000 1.00000 1.00000 1.00000 1.00000 1.00000 1.00000 1.00000 1.00000 1.00000 1.00000 1.00000 1.00000 1.00000 1.00000 1.00000 1.00000 1.00000 1.00000 1.00000 0.87960
0.96883 0.95585 1.00000 1.00000 1.00000 1.00000 1.00000 1.00000 1.00000 1.00000 1.00000 1.00000 1.00000 1.00000 1.00000 1.00000 1.00000 1.00000 1.00000 1.00000 1.00000 1.00000 1.00000 0.95585 0.96883
0.93400 0.97963 1.00000 1.00000 1.00000 1.00000 1.00000 1.00000 1.00000 1.00000 0.98799 1.00000 1.00000 1.00000 0.98799 1.00000 1.00000 1.00000 1.00000 1.00000 1.00000 1.00000 1.00000 0.97963 0.93400
1.00000 0.94566 0.97963 0.95585 1.00000 0.96502 0.96502 1.00000 0.93024 0.98340 0.96747 0.96237 1.00000 0.96237 0.96747 0.98340 0.93024 1.00000 0.96502 0.96502 1.00000 0.95585 0.97963 0.94566 1.00000
0.52862 1.00000 0.93400 0.96883 0.87960 0.95697 0.95697 0.87960 0.93708 0.87920 0.95233 0.93643 0.87973 0.93643 0.95233 0.87920 0.93708 0.87960 0.95697 0.95697 0.87960 0.96883 0.93400 1.00000 0.52862
