# name=grid_streets_w3 field=200x200 stride=8
25 25
0.54652 0.54096 0.95097 0.93177 0.97705 0.93563 0.97449 0.87840 0.97172 0.87840 0.97449 0.93563 0.97705 0.98360 0.97942 0.98160 0.98160 0.97942 0.98360 0.97705 0.93563 0.94113 0.53726 0.54403 0.00000
0.54096 1.00000 0.95713 1.00000 0.97102 0.97575 1.00000 0.97863 1.00000 0.97863 1.00000 0.97575 0.97102 0.97256 0.96833 0.96905 0.96905 0.96833 0.97256 0.97102 0.97575 1.00000 0.97126 1.00000 0.33333
0.95097 0.95713 1.00000 1.00000 1.00000 0.99100 1.00000 0.98455 1.00000 0.98455 1.00000 0.99100 1.00000 1.00000 1.00000 1.00000 1.00000 1.00000 1.00000 1.00000 0.99100 1.00000 0.97915 0.95384 0.55706
0.93177 1.00000 1.00000 1.00000 1.00000 0.98613 1.00000 0.98566 1.00000 0.98566 1.00000 0.98613 1.00000 0.98715 1.00000 1.00000 1.00000 1.00000 0.98715 1.00000 0.98613 1.00000 0.98064 1.00000 0.56734
0.97705 0.97102 1.00000 1.00000 1.00000 0.99341 1.00000 1.00000 1.00000 1.00000 1.00000 0.99341 1.00000 1.00000 1.00000 1.00000 1.00000 1.00000 1.00000 1.00000 0.99341 1.00000 1.00000 0.97820 0.86379
0.93563 0.97575 0.99100 0.98613 0.99341 0.98557 1.00000 0.98605 1.00000 0.98605 1.00000 0.98557 0.99341 0.98663 1.00000 1.00000 1.00000 1.00000 0.98663 0.99341 0.98557 1.00000 0.97098 0.97384 0.56777
0.97449 1.00000 1.00000 1.00000 1.00000 1.00000 1.00000 1.00000 1.00000 1.00000 1.00000 1.00000 1.00000 1.00000 1.00000 1.00000 1.00000 1.00000 1.00000 1.00000 1.00000 1.00000 1.00000 0.97577 0.86509
0.87840 0.97863 0.98455 0.98566 1.00000 0.98605 1.00000 0.98596 1.00000 0.98596 1.00000 0.98605 1.00000 0.98618 0.99365 0.98670 0.98670 0.99365 0.98618 1.00000 0.98605 1.00000 0.97207 1.00000 0.56798
0.97172 1.00000 1.00000 1.00000 1.00000 1.00000 1.00000 1.00000 1.00000 1.00000 1.00000 1.00000 1.00000 1.00000 1.00000 1.00000 1.00000 1.00000 1.00000 1.00000 1.00000 1.00000 1.00000 0.97315 0.86553
0.87840 0.97863 0.98455 0.98566 1.00000 0.98605 1.00000 0.98596 1.00000 0.98596 1.00000 0.98605 1.00000 0.98618 0.99365 0.98670 0.98670 0.99365 0.98618 1.00000 0.98605 1.00000 0.97207 1.00000 0.56798
0.97449 1.00000 1.00000 1.00000 1.00000 1.00000 1.00000 1.00000 1.00000 1.00000 1.00000 1.00000 1.00000 1.00000 1.00000 1.00000 1.00000 1.00000 1.00000 1.00000 1.00000 1.00000 1.00000 0.97577 0.86509
0.93563 0.97575 0.99100 0.98613 0.99341 0.98557 1.00000 0.98605 1.00000 0.98605 1.00000 0.98557 0.99341 0.98663 1.00000 1.00000 1.00000 1.00000 0.98663 0.99341 0.98557 1.00000 0.97098 0.97384 0.56777
0.97705 0.97102 1.00000 1.00000 1.00000 0.99341 1.00000 1.00000 1.00000 1.00000 1.00000 0.99341 1.00000 1.00000 1.00000 1.00000 1.00000 1.00000 1.00000 1.00000 0.99341 1.00000 1.00000 0.97820 0.86379
0.98360 0.97256 1.00000 0.98715 1.00000 0.98663 1.00000 0.98618 1.00000 0.98618 1.00000 0.98663 1.00000 0.98761 1.00000 1.00000 1.00000 1.00000 0.98761 1.00000 0.98663 1.00000 0.96980 0.97041 0.56734
0.97942 0.96833 1.00000 1.00000 1.00000 1.00000 1.00000 0.99365 1.00000 0.99365 1.00000 1.00000 1.00000 1.00000 1.00000 1.00000 1.00000 1.00000 1.00000 1.00000 1.00000 1.00000 0.98534 0.96876 0.86163
0.98160 0.96905 1.00000 1.00000 1.00000 1.00000 1.00000 0.98670 1.00000 0.98670 1.00000 1.00000 1.00000 1.00000 1.00000 1.00000 1.00000 1.00000 1.00000 1.00000 1.00000 1.00000 0.96854 0.96970 0.56670
0.98160 0.96905 1.00000 1.00000 1.00000 1.00000 1.00000 0.98670 1.00000 0.98670 1.00000 1.00000 1.00000 1.00000 1.00000 1.00000 1.00000 1.00000 1.00000 1.00000 1.00000 1.00000 0.96854 0.96970 0.56670
0.97942 0.96833 1.00000 1.00000 1.00000 1.00000 1.00000 0.99365 1.00000 0.99365 1.00000 1.00000 1.00000 1.00000 1.00000 1.00000 1.00000 1.00000 1.00000 1.00000 1.00000 1.00000 0.98534 0.96876 0.86163
0.98360 0.97256 1.00000 0.98715 1.00000 0.98663 1.00000 0.98618 1.00000 0.98618 1.00000 0.98663 1.00000 0.98761 1.00000 1.00000 1.00000 1.00000 0.98761 1.00000 0.98663 1.00000 0.96980 0.97041 0.56734
0.97705 0.97102 1.00000 1.00000 1.00000 0.99341 1.00000 1.00000 1.00000 1.00000 1.00000 0.99341 1.00000 1.00000 1.00000 1.00000 1.00000 1.00000 1.00000 1.00000 0.99341 1.00000 1.00000 0.97820 0.86379
0.93563 0.97575 0.99100 0.98613 0.99341 0.98557 1.00000 0.98605 1.00000 0.98605 1.00000 0.98557 0.99341 0.98663 1.00000 1.00000 1.00000 1.00000 0.98663 0.99341 0.98557 1.00000 0.97098 0.97384 0.56777
0.94113 1.00000 1.00000 1.00000 1.00000 1.00000 1.00000 1.00000 1.00000 1.00000 1.00000 1.00000 1.00000 1.00000 1.00000 1.00000 1.00000 1.00000 1.00000 1.00000 1.00000 1.00000 1.00000 0.93742 0.56360
0.53726 0.97126 0.97915 0.98064 1.00000 0.97098 1.00000 0.97207 1.00000 0.97207 1.00000 0.97098 1.00000 0.96980 0.98534 0.96854 0.96854 0.98534 0.96980 1.00000 0.97098 1.00000 0.95074 1.00000 0.33333
0.54403 1.00000 0.95384 1.00000 0.97820 0.97384 0.97577 1.00000 0.97315 1.00000 0.97577 0.97384 0.97820 0.97041 0.96876 0.96970 0.96970 0.96876 0.97041 0.97820 0.97384 0.93742 1.00000 0.52537 0.33333
0.00000 0.33333 0.55706 0.56734 0.86379 0.56777 0.86509 0.56798 0.86553 0.56798 0.86509 0.56777 0.86379 0.56734 0.86163 0.56670 0.56670 0.86163 0.56734 0.86379 0.56777 0.56360 0.33333 0.33333 0.00000
