# name=grid_streets_w1 field=200x200 stride=8
25 25
0.52862 1.00000 0.93400 0.96883 0.93520 0.95697 0.95697 0.93520 0.96953 0.93467 0.95233 0.96921 0.93537 0.96921 0.95233 0.93467 0.96953 0.93520 0.95697 0.95697 0.93520 0.96883 0.93400 1.00000 0.52862
1.00000 0.94566 0.97963 0.95585 1.00000 0.96502 0.96502 1.00000 0.97408 0.98340 0.96747 0.96635 1.00000 0.96635 0.96747 0.98340 0.97408 1.00000 0.96502 0.96502 1.00000 0.95585 0.97963 0.94566 1.00000
0.93400 0.97963 1.00000 1.00000 1.00000 1.00000 1.00000 1.00000 1.00000 1.00000 0.98799 1.00000 1.00000 1.00000 0.98799 1.00000 1.00000 1.00000 1.00000 1.00000 1.00000 1.00000 1.00000 0.97963 0.93400
0.96883 0.95585 1.00000 1.00000 1.00000 1.00000 1.00000 1.00000 1.00000 1.00000 1.00000 1.00000 1.00000 1.00000 1.00000 1.00000 1.00000 1.00000 1.00000 1.00000 1.00000 1.00000 1.00000 0.95585 0.96883
0.93520 1.00000 1.00000 1.00000 1.00000 1.00000 1.00000 1.00000 1.00000 1.00000 1.00000 1.00000 1.00000 1.00000 1.00000 1.00000 1.00000 1.00000 1.00000 1.00000 1.00000 1.00000 1.00000 1.00000 0.93520
0.95697 0.96502 1.00000 1.00000 1.00000 0.98875 0.98875 1.00000 1.00000 1.00000 0.99013 1.00000 1.00000 1.00000 0.99013 1.00000 1.00000 1.00000 0.98875 0.98875 1.00000 1.00000 1.00000 0.96502 0.95697
0.95697 0.96502 1.00000 1.00000 1.00000 0.98875 0.98875 1.00000 1.00000 1.00000 0.99013 1.00000 1.00000 1.00000 0.99013 1.00000 1.00000 1.00000 0.98875 0.98875 1.00000 1.00000 1.00000 0.96502 0.95697
0.93520 1.00000 1.00000 1.00000 1.00000 1.00000 1.00000 1.00000 1.00000 1.00000 1.00000 1.00000 1.00000 1.00000 1.00000 1.00000 1.00000 1.00000 1.00000 1.00000 1.00000 1.00000 1.00000 1.00000 0.93520
0.96953 0.97408 1.00000 1.00000 1.00000 1.00000 1.00000 1.00000 1.00000 1.00000 1.00000 1.00000 1.00000 1.00000 1.00000 1.00000 1.00000 1.00000 1.00000 1.00000 1.00000 1.00000 1.00000 0.97408 0.96953
0.93467 0.98340 1.00000 1.00000 1.00000 1.00000 1.00000 1.00000 1.00000 1.00000 1.00000 1.00000 1.00000 1.00000 1.00000 1.00000 1.00000 1.00000 1.00000 1.00000 1.00000 1.00000 1.00000 0.98340 0.93467
0.95233 0.96747 0.98799 1.00000 1.00000 0.99013 0.99013 1.00000 1.00000 1.00000 0.99027 1.00000 1.00000 1.00000 0.99027 1.00000 1.00000 1.00000 0.99013 0.99013 1.00000 1.00000 0.98799 0.96747 0.95233
0.96921 0.96635 1.00000 1.00000 1.00000 1.00000 1.00000 1.00000 1.00000 1.00000 1.00000 1.00000 1.00000 1.00000 1.00000 1.00000 1.00000 1.00000 1.00000 1.00000 1.00000 1.00000 1.00000 0.96635 0.96921
0.93537 1.00000 1.00000 1.00000 1.00000 1.00000 1.00000 1.00000 1.00000 1.00000 1.00000 1.00000 1.00000 1.00000 1.00000 1.00000 1.00000 1.00000 1.00000 1.00000 1.00000 1.00000 1.00000 1.00000 0.93537
0.96921 0.96635 1.00000 1.00000 1.00000 1.00000 1.00000 1.00000 1.00000 1.00000 1.00000 1.00000 1.00000 1.00000 1.00000 1.00000 1.00000 1.00000 1.00000 1.00000 1.00000 1.00000 1.00000 0.96635 0.96921
0.95233 0.96747 0.98799 1.00000 1.00000 0.99013 0.99013 1.00000 1.00000 1.00000 0.99027 1.00000 1.00000 1.00000 0.99027 1.00000 1.00000 1.00000 0.99013 0.99013 1.00000 1.00000 0.98799 0.96747 0.95233
0.93467 0.98340 1.00000 1.00000 1.00000 1.00000 1.00000 1.00000 1.00000 1.00000 1.00000 1.00000 1.00000 1.00000 1.00000 1.00000 1.00000 1.00000 1.00000 1.00000 1.00000 1.00000 1.00000 0.98340 0.93467
0.96953 0.97408 1.00000 1.00000 1.00000 1.00000 1.00000 1.00000 1.00000 1.00000 1.00000 1.00000 1.00000 1.00000 1.00000 1.00000 1.00000 1.00000 1.00000 1.00000 1.00000 1.00000 1.00000 0.97408 0.96953
0.93520 1.00000 1.00000 1.00000 1.00000 1.00000 1.00000 1.00000 1.00000 1.00000 1.00000 1.00000 1.00000 1.00000 1.00000 1.00000 1.00000 1.00000 1.00000 1.00000 1.00000 1.00000 1.00000 1.00000 0.93520
0.95697 0.96502 1.00000 1.00000 1.00000 0.98875 0.98875 1.00000 1.00000 1.00000 0.99013 1.00000 1.00000 1.00000 0.99013 1.00000 1.00000 1.00000 0.98875 0.98875 1.00000 1.00000 1.00000 0.96502 0.95697
0.95697 0.96502 1.00000 1.00000 1.00000 0.98875 0.98875 1.00000 1.00000 1.00000 0.99013 1.00000 1.00000 1.00000 0.99013 1.00000 1.00000 1.00000 0.98875 0.98875 1.00000 1.00000 1.00000 0.96502 0.95697
0.93520 1.00000 1.00000 1.00000 1.00000 1.00000 1.00000 1.00000 1.00000 1.00000 1.00000 1.00000 1.00000 1.00000 1.00000 1.00000 1.00000 1.00000 1.00000 1.00000 1.00000 1.00000 1.00000 1.00000 0.93520
0.96883 0.95585 1.00000 1.00000 1.00000 1.00000 1.00000 1.00000 1.00000 1.00000 1.00000 1.00000 1.00000 1.00000 1.00000 1.00000 1.00000 1.00000 1.00000 1.00000 1.00000 1.00000 1.00000 0.95585 0.96883
0.93400 0.97963 1.00000 1.00000 1.00000 1.00000 1.00000 1.00000 1.00000 1.00000 0.98799 1.00000 1.00000 1.00000 0.98799 1.00000 1.00000 1.00000 1.00000 1.00000 1.00000 1.00000 1.00000 0.97963 0.93400
1.00000 0.94566 0.97963 0.95585 1.00000 0.96502 0.96502 1.00000 0.97408 0.98340 0.96747 0.96635 1.00000 0.96635 0.96747 0.98340 0.97408 1.00000 0.96502 0.96502 1.00000 0.95585 0.97963 0.94566 1.00000
0.52862 1.00000 0.93400 0.96883 0.93520 0.95697 0.95697 0.93520 0.96953 0.93467 0.95233 0.96921 0.93537 0.96921 0.95233 0.93467 0.96953 0.93520 0.95697 0.95697 0.93520 0.96883 0.93400 1.00000 0.52862
