# name=grid_streets_w3 field=200x200 stride=8
25 25
0.54652 0.52115 0.95097 0.90044 0.94341 0.89217 0.94404 0.87840 0.94425 0.87840 0.94404 0.89217 0.94341 0.93909 0.94238 0.94093 0.94093 0.94238 0.93909 0.94341 0.89217 0.92907 0.50437 0.53511 0.00000
0.52115 1.00000 0.95713 1.00000 0.96095 0.97575 1.00000 0.97863 1.00000 0.97863 1.00000 0.97575 0.96095 0.97256 0.96518 0.96905 0.96905 0.96518 0.97256 0.96095 0.97575 1.00000 0.97126 1.00000 0.33333
0.95097 0.95713 1.00000 1.00000 1.00000 0.98192 1.00000 0.98455 1.00000 0.98455 1.00000 0.98192 1.00000 1.00000 1.00000 1.00000 1.00000 1.00000 1.00000 1.00000 0.98192 1.00000 0.97915 0.95384 0.55706
0.90044 1.00000 1.00000 1.00000 1.00000 0.98371 1.00000 0.98566 1.00000 0.98566 1.00000 0.98371 1.00000 0.98153 1.00000 1.00000 1.00000 1.00000 0.98153 1.00000 0.98371 1.00000 0.98064 1.00000 0.56734
0.94341 0.96095 1.00000 1.00000 1.00000 0.98677 1.00000 1.00000 1.00000 1.00000 1.00000 0.98677 1.00000 1.00000 1.00000 1.00000 1.00000 1.00000 1.00000 1.00000 0.98677 1.00000 1.00000 0.94621 0.86379
0.89217 0.97575 0.98192 0.98371 0.98677 0.98557 1.00000 0.98605 1.00000 0.98605 1.00000 0.98557 0.98677 0.98663 1.00000 1.00000 1.00000 1.00000 0.98663 0.98677 0.98557 1.00000 0.96047 0.97384 0.56777
0.94404 1.00000 1.00000 1.00000 1.00000 1.00000 1.00000 1.00000 1.00000 1.00000 1.00000 1.00000 1.00000 1.00000 1.00000 1.00000 1.00000 1.00000 1.00000 1.00000 1.00000 1.00000 1.00000 0.94681 0.86509
0.87840 0.97863 0.98455 0.98566 1.00000 0.98605 1.00000 0.98596 1.00000 0.98596 1.00000 0.98605 1.00000 0.98618 0.98725 0.98670 0.98670 0.98725 0.98618 1.00000 0.98605 1.00000 0.96282 1.00000 0.56798
0.94425 1.00000 1.00000 1.00000 1.00000 1.00000 1.00000 1.00000 1.00000 1.00000 1.00000 1.00000 1.00000 1.00000 1.00000 1.00000 1.00000 1.00000 1.00000 1.00000 1.00000 1.00000 1.00000 0.94701 0.86553
0.87840 0.97863 0.98455 0.98566 1.00000 0.98605 1.00000 0.98596 1.00000 0.98596 1.00000 0.98605 1.00000 0.98618 0.98725 0.98670 0.98670 0.98725 0.98618 1.00000 0.98605 1.00000 0.96282 1.00000 0.56798
0.94404 1.00000 1.00000 1.00000 1.00000 1.00000 1.00000 1.00000 1.00000 1.00000 1.00000 1.00000 1.00000 1.00000 1.00000 1.00000 1.00000 1.00000 1.00000 1.00000 1.00000 1.00000 1.00000 0.94681 0.86509
0.89217 0.97575 0.98192 0.98371 0.98677 0.98557 1.00000 0.98605 1.00000 0.98605 1.00000 0.98557 0.98677 0.98663 1.00000 1.00000 1.00000 1.00000 0.98663 0.98677 0.98557 1.00000 0.96047 0.97384 0.56777
0.94341 0.96095 1.00000 1.00000 1.00000 0.98677 1.00000 1.00000 1.00000 1.00000 1.00000 0.98677 1.00000 1.00000 1.00000 1.00000 1.00000 1.00000 1.00000 1.00000 0.98677 1.00000 1.00000 0.94621 0.86379
0.93909 0.97256 1.00000 0.98153 1.00000 0.98663 1.00000 0.98618 1.00000 0.98618 1.00000 0.98663 1.00000 0.98761 1.00000 1.00000 1.00000 1.00000 0.98761 1.00000 0.98663 1.00000 0.95789 0.97041 0.56734
0.94238 0.96518 1.00000 1.00000 1.00000 1.00000 1.00000 0.98725 1.00000 0.98725 1.00000 1.00000 1.00000 1.00000 1.00000 1.00000 1.00000 1.00000 1.00000 1.00000 1.00000 1.00000 0.98278 0.96248 0.86163
0.94093 0.96905 1.00000 1.00000 1.00000 1.00000 1.00000 0.98670 1.00000 0.98670 1.00000 1.00000 1.00000 1.00000 1.00000 1.00000 1.00000 1.00000 1.00000 1.00000 1.00000 1.00000 0.95652 0.96663 0.56670
0.94093 0.96905 1.00000 1.00000 1.00000 1.00000 1.00000 0.98670 1.00000 0.98670 1.00000 1.00000 1.00000 1.00000 1.00000 1.00000 1.00000 1.00000 1.00000 1.00000 1.00000 1.00000 0.95652 0.96663 0.56670
0.94238 0.96518 1.00000 1.00000 1.00000 1.00000 1.00000 0.98725 1.00000 0.98725 1.00000 1.00000 1.00000 1.00000 1.00000 1.00000 1.00000 1.00000 1.00000 1.00000 1.00000 1.00000 0.98278 0.96248 0.86163
0.93909 0.97256 1.00000 0.98153 1.00000 0.98663 1.00000 0.98618 1.00000 0.98618 1.00000 0.98663 1.00000 0.98761 1.00000 1.00000 1.00000 1.00000 0.98761 1.00000 0.98663 1.00000 0.95789 0.97041 0.56734
0.94341 0.96095 1.00000 1.00000 1.00000 0.98677 1.00000 1.00000 1.00000 1.00000 1.00000 0.98677 1.00000 1.00000 1.00000 1.00000 1.00000 1.00000 1.00000 1.00000 0.98677 1.00000 1.00000 0.94621 0.86379
0.89217 0.97575 0.98192 0.98371 0.98677 0.98557 1.00000 0.98605 1.00000 0.98605 1.00000 0.98557 0.98677 0.98663 1.00000 1.00000 1.00000 1.00000 0.98663 0.98677 0.98557 1.00000 0.96047 0.97384 0.56777
0.92907 1.00000 1.00000 1.00000 1.00000 1.00000 1.00000 1.00000 1.00000 1.00000 1.00000 1.00000 1.00000 1.00000 1.00000 1.00000 1.00000 1.00000 1.00000 1.00000 1.00000 1.00000 1.00000 0.93310 0.56360
0.50437 0.97126 0.97915 0.98064 1.00000 0.96047 1.00000 0.96282 1.00000 0.96282 1.00000 0.96047 1.00000 0.95789 0.98278 0.95652 0.95652 0.98278 0.95789 1.00000 0.96047 1.00000 0.95074 1.00000 0.33333
0.53511 1.00000 0.95384 1.00000 0.94621 0.97384 0.94681 1.00000 0.94701 1.00000 0.94681 0.97384 0.94621 0.97041 0.96248 0.96663 0.96663 0.96248 0.97041 0.94621 0.97384 0.93310 1.00000 0.52537 0.33333
0.00000 0.33333 0.55706 0.56734 0.86379 0.56777 0.86509 0.56798 0.86553 0.56798 0.86509 0.56777 0.86379 0.56734 0.86163 0.56670 0.56670 0.86163 0.56734 0.86379 0.56777 0.56360 0.33333 0.33333 0.00000
