# name=grid_streets_w8 field=200x200 stride=8
25 25
0.00000 0.33333 0.33333 0.57679 0.58662 0.33333 0.58442 0.58298 0.57679 0.58662 0.33333 0.58442 0.58298 0.57679 0.58662 0.33333 0.58442 0.58298 0.57679 0.58662 0.33333 0.33333 0.33333 0.00000 0.00000
0.33333 0.54136 1.00000 0.95779 0.90313 0.96263 0.94827 0.95031 0.95779 0.90313 0.96263 0.94827 0.95031 0.95779 0.90313 0.96263 0.94827 0.95031 0.95779 0.90313 0.96263 1.00000 0.54471 0.33333 0.00000
0.33333 1.00000 1.00000 0.96554 1.00000 0.96953 1.00000 1.00000 0.96554 1.00000 0.96953 1.00000 1.00000 0.96554 1.00000 0.96953 1.00000 1.00000 0.96554 1.00000 0.96953 1.00000 1.00000 0.33333 0.33333
0.57679 0.95779 0.96554 0.97078 0.97721 0.98829 0.98294 0.98461 0.97078 0.97721 0.98829 0.98294 0.98461 0.97078 0.97721 0.98829 0.98294 0.98461 0.97078 0.97721 0.98829 0.96445 0.95700 0.33333 0.33333
0.58662 0.90313 1.00000 0.97721 1.00000 0.97589 0.98232 0.98108 0.97721 1.00000 0.97589 0.98232 0.98108 0.97721 1.00000 0.97589 0.98232 0.98108 0.97721 1.00000 0.97589 1.00000 0.90194 0.58662 0.58662
0.33333 0.96263 0.96953 0.98829 0.97589 0.97494 0.98196 0.98372 0.98829 0.97589 0.97494 0.98196 0.98372 0.98829 0.97589 0.97494 0.98196 0.98372 0.98829 0.97589 0.97494 0.96856 0.96192 0.33333 0.33333
0.58442 0.94827 1.00000 0.98294 0.98232 0.98196 1.00000 1.00000 0.98294 0.98232 0.98196 1.00000 1.00000 0.98294 0.98232 0.98196 1.00000 1.00000 0.98294 0.98232 0.98196 1.00000 0.94899 0.58442 0.33333
0.58298 0.95031 1.00000 0.98461 0.98108 0.98372 1.00000 1.00000 0.98461 0.98108 0.98372 1.00000 1.00000 0.98461 0.98108 0.98372 1.00000 1.00000 0.98461 0.98108 0.98372 1.00000 0.95118 0.58298 0.33333
0.57679 0.95779 0.96554 0.97078 0.97721 0.98829 0.98294 0.98461 0.97078 0.97721 0.98829 0.98294 0.98461 0.97078 0.97721 0.98829 0.98294 0.98461 0.97078 0.97721 0.98829 0.96445 0.95700 0.33333 0.33333
0.58662 0.90313 1.00000 0.97721 1.00000 0.97589 0.98232 0.98108 0.97721 1.00000 0.97589 0.98232 0.98108 0.97721 1.00000 0.97589 0.98232 0.98108 0.97721 1.00000 0.97589 1.00000 0.90194 0.58662 0.58662
0.33333 0.96263 0.96953 0.98829 0.97589 0.97494 0.98196 0.98372 0.98829 0.97589 0.97494 0.98196 0.98372 0.98829 0.97589 0.97494 0.98196 0.98372 0.98829 0.97589 0.97494 0.96856 0.96192 0.33333 0.33333
0.58442 0.94827 1.00000 0.98294 0.98232 0.98196 1.00000 1.00000 0.98294 0.98232 0.98196 1.00000 1.00000 0.98294 0.98232 0.98196 1.00000 1.00000 0.98294 0.98232 0.98196 1.00000 0.94899 0.58442 0.33333
0.58298 0.95031 1.00000 0.98461 0.98108 0.98372 1.00000 1.00000 0.98461 0.98108 0.98372 1.00000 1.00000 0.98461 0.98108 0.98372 1.00000 1.00000 0.98461 0.98108 0.98372 1.00000 0.95118 0.58298 0.33333
0.57679 0.95779 0.96554 0.97078 0.97721 0.98829 0.98294 0.98461 0.97078 0.97721 0.98829 0.98294 0.98461 0.97078 0.97721 0.98829 0.98294 0.98461 0.97078 0.97721 0.98829 0.96445 0.95700 0.33333 0.33333
0.58662 0.90313 1.00000 0.97721 1.00000 0.97589 0.98232 0.98108 0.97721 1.00000 0.97589 0.98232 0.98108 0.97721 1.00000 0.97589 0.98232 0.98108 0.97721 1.00000 0.97589 1.00000 0.90194 0.58662 0.58662
0.33333 0.96263 0.96953 0.98829 0.97589 0.97494 0.98196 0.98372 0.98829 0.97589 0.97494 0.98196 0.98372 0.98829 0.97589 0.97494 0.98196 0.98372 0.98829 0.97589 0.97494 0.96856 0.96192 0.33333 0.33333
0.58442 0.94827 1.00000 0.98294 0.98232 0.98196 1.00000 1.00000 0.98294 0.98232 0.98196 1.00000 1.00000 0.98294 0.98232 0.98196 1.00000 1.00000 0.98294 0.98232 0.98196 1.00000 0.94899 0.58442 0.33333
0.58298 0.95031 1.00000 0.98461 0.98108 0.98372 1.00000 1.00000 0.98461 0.98108 0.98372 1.00000 1.00000 0.98461 0.98108 0.98372 1.00000 1.00000 0.98461 0.98108 0.98372 1.00000 0.95118 0.58298 0.33333
0.57679 0.95779 0.96554 0.97078 0.97721 0.98829 0.98294 0.98461 0.97078 0.97721 0.98829 0.98294 0.98461 0.97078 0.97721 0.98829 0.98294 0.98461 0.97078 0.97721 0.98829 0.96445 0.95700 0.33333 0.33333
0.58662 0.90313 1.00000 0.97721 1.00000 0.97589 0.98232 0.98108 0.97721 1.00000 0.97589 0.98232 0.98108 0.97721 1.00000 0.97589 0.98232 0.98108 0.97721 1.00000 0.97589 1.00000 0.90194 0.58662 0.58662
0.33333 0.96263 0.96953 0.98829 0.97589 0.97494 0.98196 0.98372 0.98829 0.97589 0.97494 0.98196 0.98372 0.98829 0.97589 0.97494 0.98196 0.98372 0.98829 0.97589 0.97494 0.96856 0.96192 0.33333 0.33333
0.33333 1.00000 1.00000 0.96445 1.00000 0.96856 1.00000 1.00000 0.96445 1.00000 0.96856 1.00000 1.00000 0.96445 1.00000 0.96856 1.00000 1.00000 0.96445 1.00000 0.96856 1.00000 1.00000 0.33333 0.33333
0.33333 0.54471 1.00000 0.95700 0.90194 0.96192 0.94899 0.95118 0.95700 0.90194 0.96192 0.94899 0.95118 0.95700 0.90194 0.96192 0.94899 0.95118 0.95700 0.90194 0.96192 1.00000 0.54823 0.33333 0.00000
0.00000 0.33333 0.33333 0.33333 0.58662 0.33333 0.58442 0.58298 0.33333 0.58662 0.33333 0.58442 0.58298 0.33333 0.58662 0.33333 0.58442 0.58298 0.33333 0.58662 0.33333 0.33333 0.33333 0.00000 0.00000
0.00000 0.00000 0.33333 0.33333 0.58662 0.33333 0.33333 0.33333 0.33333 0.58662 0.33333 0.33333 0.33333 0.33333 0.58662 0.33333 0.33333 0.33333 0.33333 0.58662 0.33333 0.33333 0.00000 0.00000 0.00000
