# name=grid_streets_w6 field=200x200 stride=8
25 25
0.00000 0.36875 0.35897 0.37230 0.84518 0.37001 0.84639 0.87239 0.84599 0.37122 0.84399 0.84242 0.37230 0.84518 0.37001 0.84639 0.87239 0.84599 0.37122 0.84399 0.84242 0.15230 0.36767 0.00000 0.00000
0.36875 0.35025 1.00000 0.94050 1.00000 0.94415 1.00000 0.94241 1.00000 0.94578 0.92704 0.93403 0.94050 1.00000 0.94415 1.00000 0.94241 1.00000 0.94578 0.92704 0.93403 1.00000 1.00000 0.36597 0.15327
0.35897 1.00000 1.00000 1.00000 1.00000 0.97545 1.00000 0.97204 1.00000 0.97852 1.00000 1.00000 1.00000 1.00000 0.97545 1.00000 0.97204 1.00000 0.97852 1.00000 1.00000 1.00000 1.00000 0.35679 0.15236
0.37230 0.94050 1.00000 1.00000 1.00000 0.97935 1.00000 0.97650 1.00000 1.00000 1.00000 1.00000 1.00000 1.00000 0.97935 1.00000 0.97650 1.00000 1.00000 1.00000 1.00000 1.00000 0.94169 0.84079 0.37230
0.84518 1.00000 1.00000 1.00000 1.00000 0.97846 1.00000 0.94728 1.00000 0.98112 1.00000 1.00000 1.00000 1.00000 0.97846 1.00000 0.94728 1.00000 0.98112 1.00000 1.00000 1.00000 1.00000 0.84545 0.37452
0.37001 0.94415 0.97545 0.97935 0.97846 0.96228 0.94694 0.98222 0.94723 0.97976 0.97870 0.97900 0.97935 0.97846 0.96228 0.94694 0.98222 0.94723 0.97976 0.97870 0.97900 0.97624 0.94384 0.83596 0.15222
0.84639 1.00000 1.00000 1.00000 1.00000 0.94694 1.00000 0.94680 1.00000 0.94717 1.00000 1.00000 1.00000 1.00000 0.94694 1.00000 0.94680 1.00000 0.94717 1.00000 1.00000 1.00000 1.00000 0.84665 0.37510
0.87239 0.94241 0.97204 0.97650 0.94728 0.98222 0.94680 1.00000 0.94698 1.00000 0.94771 0.97611 0.97650 0.94728 0.98222 0.94680 1.00000 0.94698 1.00000 0.94771 0.97611 0.97292 0.94219 0.89516 0.15221
0.84599 1.00000 1.00000 1.00000 1.00000 0.94723 1.00000 0.94698 1.00000 0.98095 1.00000 1.00000 1.00000 1.00000 0.94723 1.00000 0.94698 1.00000 0.98095 1.00000 1.00000 1.00000 1.00000 0.84625 0.37490
0.37122 0.94578 0.97852 1.00000 0.98112 0.97976 0.94717 1.00000 0.98095 1.00000 0.98133 0.98160 1.00000 0.98112 0.97976 0.94717 1.00000 0.98095 1.00000 0.98133 0.98160 1.00000 0.94537 0.83853 0.15225
0.84399 0.92704 1.00000 1.00000 1.00000 0.97870 1.00000 0.94771 1.00000 0.98133 1.00000 1.00000 1.00000 1.00000 0.97870 1.00000 0.94771 1.00000 0.98133 1.00000 1.00000 1.00000 1.00000 0.84427 0.37396
0.84242 0.93403 1.00000 1.00000 1.00000 0.97900 1.00000 0.97611 1.00000 0.98160 1.00000 1.00000 1.00000 1.00000 0.97900 1.00000 0.97611 1.00000 0.98160 1.00000 1.00000 1.00000 0.93534 0.84271 0.37321
0.37230 0.94050 1.00000 1.00000 1.00000 0.97935 1.00000 0.97650 1.00000 1.00000 1.00000 1.00000 1.00000 1.00000 0.97935 1.00000 0.97650 1.00000 1.00000 1.00000 1.00000 1.00000 0.94169 0.84079 0.37230
0.84518 1.00000 1.00000 1.00000 1.00000 0.97846 1.00000 0.94728 1.00000 0.98112 1.00000 1.00000 1.00000 1.00000 0.97846 1.00000 0.94728 1.00000 0.98112 1.00000 1.00000 1.00000 1.00000 0.84545 0.37452
0.37001 0.94415 0.97545 0.97935 0.97846 0.96228 0.94694 0.98222 0.94723 0.97976 0.97870 0.97900 0.97935 0.97846 0.96228 0.94694 0.98222 0.94723 0.97976 0.97870 0.97900 0.97624 0.94384 0.83596 0.15222
0.84639 1.00000 1.00000 1.00000 1.00000 0.94694 1.00000 0.94680 1.00000 0.94717 1.00000 1.00000 1.00000 1.00000 0.94694 1.00000 0.94680 1.00000 0.94717 1.00000 1.00000 1.00000 1.00000 0.84665 0.37510
0.87239 0.94241 0.97204 0.97650 0.94728 0.98222 0.94680 1.00000 0.94698 1.00000 0.94771 0.97611 0.97650 0.94728 0.98222 0.94680 1.00000 0.94698 1.00000 0.94771 0.97611 0.97292 0.94219 0.89516 0.15221
0.84599 1.00000 1.00000 1.00000 1.00000 0.94723 1.00000 0.94698 1.00000 0.98095 1.00000 1.00000 1.00000 1.00000 0.94723 1.00000 0.94698 1.00000 0.98095 1.00000 1.00000 1.00000 1.00000 0.84625 0.37490
0.37122 0.94578 0.97852 1.00000 0.98112 0.97976 0.94717 1.00000 0.98095 1.00000 0.98133 0.98160 1.00000 0.98112 0.97976 0.94717 1.00000 0.98095 1.00000 0.98133 0.98160 1.00000 0.94537 0.83853 0.15225
0.84399 0.92704 1.00000 1.00000 1.00000 0.97870 1.00000 0.94771 1.00000 0.98133 1.00000 1.00000 1.00000 1.00000 0.97870 1.00000 0.94771 1.00000 0.98133 1.00000 1.00000 1.00000 1.00000 0.84427 0.37396
0.84242 0.93403 1.00000 1.00000 1.00000 0.97900 1.00000 0.97611 1.00000 0.98160 1.00000 1.00000 1.00000 1.00000 0.97900 1.00000 0.97611 1.00000 0.98160 1.00000 1.00000 1.00000 0.93534 0.84271 0.37321
0.15230 1.00000 1.00000 1.00000 1.00000 0.97624 1.00000 0.97292 1.00000 1.00000 1.00000 1.00000 1.00000 1.00000 0.97624 1.00000 0.97292 1.00000 1.00000 1.00000 1.00000 1.00000 1.00000 0.35550 0.15230
0.36767 1.00000 1.00000 0.94169 1.00000 0.94384 1.00000 0.94219 1.00000 0.94537 1.00000 0.93534 0.94169 1.00000 0.94384 1.00000 0.94219 1.00000 0.94537 1.00000 0.93534 1.00000 1.00000 0.36496 0.15313
0.00000 0.36597 0.35679 0.84079 0.84545 0.83596 0.84665 0.89516 0.84625 0.83853 0.84427 0.84271 0.84079 0.84545 0.83596 0.84665 0.89516 0.84625 0.83853 0.84427 0.84271 0.35550 0.36496 0.00000 0.00000
0.00000 0.15327 0.15236 0.37230 0.37452 0.15222 0.37510 0.15221 0.37490 0.15225 0.37396 0.37321 0.37230 0.37452 0.15222 0.37510 0.15221 0.37490 0.15225 0.37396 0.37321 0.15230 0.15313 0.00000 0.00000
