# name=grid_streets_w3 field=200x200 stride=8
25 25
0.36435 0.34744 0.95097 0.90044 0.87973 0.89217 0.93262 0.70259 0.93475 0.90393 0.95259 0.98960 0.99534 0.99125 0.97939 0.98028 0.97512 0.96388 0.91319 0.88985 0.89217 0.92907 0.33624 0.35674 0.00000
0.34744 1.00000 0.95713 1.00000 0.96095 0.97575 0.99116 0.96228 0.97544 0.97491 0.98092 0.98799 0.99607 0.99249 1.00000 0.98099 1.00000 0.97069 1.00000 0.96095 0.97575 1.00000 0.97126 1.00000 0.15616
0.95097 0.95713 1.00000 1.00000 1.00000 0.98192 0.99021 0.96751 0.97461 0.97455 0.98040 0.98897 0.99489 1.00000 1.00000 1.00000 1.00000 1.00000 1.00000 1.00000 0.98192 1.00000 0.97915 0.95384 0.36904
0.90044 1.00000 1.00000 1.00000 1.00000 0.98371 0.98934 0.96782 0.97544 0.97449 0.98092 0.98780 0.99507 0.99455 1.00000 1.00000 1.00000 1.00000 1.00000 1.00000 0.98371 1.00000 0.98064 1.00000 0.37572
0.87973 0.96095 1.00000 1.00000 1.00000 0.98586 0.99165 0.97905 0.97346 0.97361 0.98023 0.98774 0.99571 1.00000 1.00000 1.00000 1.00000 1.00000 1.00000 1.00000 0.98586 1.00000 1.00000 0.88606 0.69434
0.89217 0.97575 0.98192 0.98371 0.98586 0.96855 0.98984 0.95617 0.97496 0.97357 0.98062 0.98818 0.99455 0.99451 1.00000 1.00000 0.98902 0.98741 0.98483 0.98586 0.96855 1.00000 0.96047 0.97384 0.37600
0.93262 0.99116 0.99021 0.98934 0.99165 0.98984 0.98424 0.96861 0.96454 0.96323 0.97053 0.97793 0.98774 0.98963 0.99102 0.99106 0.99099 0.99280 0.99041 0.99165 0.98984 0.99060 0.98934 0.93579 0.76279
0.70259 0.96228 0.96751 0.96782 0.97905 0.95617 0.96861 0.94199 0.95500 0.95433 0.96037 0.96829 0.97355 0.97262 0.98029 0.97025 0.97213 0.97100 0.96966 0.97905 0.95617 0.97905 0.95026 0.97905 0.73843
0.93475 0.97544 0.97461 0.97544 0.97346 0.97496 0.96454 0.95500 0.94766 0.94970 0.95408 0.96331 0.96914 0.97516 0.97469 0.97507 0.97457 0.97487 0.97443 0.97346 0.97496 0.97425 0.97544 0.93633 0.81754
0.90393 0.97491 0.97455 0.97449 0.97361 0.97357 0.96323 0.95433 0.94970 0.94807 0.95504 0.96212 0.96815 0.97395 0.97446 0.97393 0.97255 0.97427 0.97248 0.97361 0.97357 0.97361 0.97370 0.97361 0.86020
0.95259 0.98092 0.98040 0.98092 0.98023 0.98062 0.97053 0.96037 0.95408 0.95504 0.96026 0.96894 0.97578 0.98075 0.98032 0.98069 0.98037 0.98016 0.98028 0.98023 0.98062 0.98017 0.98092 0.96891 0.90004
0.98960 0.98799 0.98897 0.98780 0.98774 0.98818 0.97793 0.96829 0.96331 0.96212 0.96894 0.97650 0.98235 0.98802 0.98882 0.98836 0.98887 0.98849 0.98864 0.98774 0.98818 0.98813 0.98839 0.98804 0.97641
0.99534 0.99607 0.99489 0.99507 0.99571 0.99455 0.98774 0.97355 0.96914 0.96815 0.97578 0.98235 0.99146 0.99522 0.99536 0.99589 0.99566 0.99635 0.99562 0.99571 0.99455 0.99525 0.99439 0.99557 0.98947
0.99125 0.99249 1.00000 0.99455 1.00000 0.99451 0.98963 0.97262 0.97516 0.97395 0.98075 0.98802 0.99522 1.00000 1.00000 1.00000 1.00000 1.00000 0.99129 1.00000 0.99089 1.00000 0.98904 0.98739 1.00000
0.97939 1.00000 1.00000 1.00000 1.00000 1.00000 0.99102 0.98029 0.97469 0.97446 0.98032 0.98882 0.99536 1.00000 1.00000 1.00000 1.00000 1.00000 1.00000 1.00000 1.00000 1.00000 1.00000 1.00000 0.91874
0.98028 0.98099 1.00000 1.00000 1.00000 1.00000 0.99106 0.97025 0.97507 0.97393 0.98069 0.98836 0.99589 1.00000 1.00000 1.00000 1.00000 1.00000 1.00000 1.00000 1.00000 1.00000 0.98343 0.97948 0.86735
0.97512 1.00000 1.00000 1.00000 1.00000 0.98902 0.99099 0.97213 0.97457 0.97255 0.98037 0.98887 0.99566 1.00000 1.00000 1.00000 1.00000 1.00000 1.00000 1.00000 0.98902 1.00000 0.98671 1.00000 0.68118
0.96388 0.97069 1.00000 1.00000 1.00000 0.98741 0.99280 0.97100 0.97487 0.97427 0.98016 0.98849 0.99635 1.00000 1.00000 1.00000 1.00000 1.00000 1.00000 1.00000 0.98741 1.00000 0.98533 0.96839 0.66745
0.91319 1.00000 1.00000 1.00000 1.00000 0.98483 0.99041 0.96966 0.97443 0.97248 0.98028 0.98864 0.99562 0.99129 1.00000 1.00000 1.00000 1.00000 1.00000 1.00000 0.98483 1.00000 0.98242 1.00000 0.20502
0.88985 0.96095 1.00000 1.00000 1.00000 0.98586 0.99165 0.97905 0.97346 0.97361 0.98023 0.98774 0.99571 1.00000 1.00000 1.00000 1.00000 1.00000 1.00000 1.00000 0.98586 1.00000 1.00000 0.88606 0.57042
0.89217 0.97575 0.98192 0.98371 0.98586 0.96855 0.98984 0.95617 0.97496 0.97357 0.98062 0.98818 0.99455 0.99089 1.00000 1.00000 0.98902 0.98741 0.98483 0.98586 0.96855 1.00000 0.96047 0.97384 0.20510
0.92907 1.00000 1.00000 1.00000 1.00000 1.00000 0.99060 0.97905 0.97425 0.97361 0.98017 0.98813 0.99525 1.00000 1.00000 1.00000 1.00000 1.00000 1.00000 1.00000 1.00000 1.00000 1.00000 0.93310 0.20444
0.33624 0.97126 0.97915 0.98064 1.00000 0.96047 0.98934 0.95026 0.97544 0.97370 0.98092 0.98839 0.99439 0.98904 1.00000 0.98343 0.98671 0.98533 0.98242 1.00000 0.96047 1.00000 0.95074 1.00000 0.03516
0.35674 1.00000 0.95384 1.00000 0.88606 0.97384 0.93579 0.97905 0.93633 0.97361 0.96891 0.98804 0.99557 0.98739 1.00000 0.97948 1.00000 0.96839 1.00000 0.88606 0.97384 0.93310 1.00000 0.35025 0.03863
0.00000 0.15616 0.36904 0.37572 0.69434 0.37600 0.76279 0.73843 0.81754 0.86020 0.90004 0.97641 0.98947 1.00000 0.91874 0.86735 0.68118 0.66745 0.20502 0.57042 0.20510 0.20444 0.03516 0.03863 0.00000
