# name=grid_streets_w9 field=200x200 stride=8
25 25
0.00000 0.00000 0.00000 0.00000 0.00000 0.00000 0.20673 0.28879 0.36289 0.61302 0.64478 0.66667 0.66667 0.66667 0.64195 0.60738 0.35711 0.27908 0.19630 0.00000 0.00000 0.00000 0.00000 0.00000 0.00000
0.00000 0.36639 1.00000 0.96538 0.32789 0.96068 1.00000 0.59141 1.00000 0.93204 0.97390 1.00000 1.00000 1.00000 0.97048 0.92499 1.00000 0.58574 1.00000 0.95548 0.32744 1.00000 0.34491 0.36866 0.00000
0.00000 1.00000 1.00000 0.97172 1.00000 0.96784 1.00000 1.00000 1.00000 1.00000 0.97873 1.00000 1.00000 1.00000 0.97593 1.00000 1.00000 1.00000 1.00000 0.96353 1.00000 1.00000 1.00000 0.34218 0.00000
0.00000 0.96538 0.97172 1.00000 0.97452 0.97220 1.00000 0.97996 1.00000 1.00000 1.00000 1.00000 1.00000 1.00000 1.00000 1.00000 1.00000 0.97946 1.00000 0.96844 0.97461 1.00000 0.97081 0.96474 0.00000
0.00000 0.32789 1.00000 0.97452 1.00000 0.97101 1.00000 0.95910 1.00000 1.00000 0.98086 1.00000 1.00000 1.00000 0.97832 1.00000 1.00000 0.95347 1.00000 0.96710 0.94067 1.00000 1.00000 0.32868 0.00000
0.00000 0.96068 0.96784 0.97220 0.97101 0.94606 0.97538 0.97717 1.00000 1.00000 1.00000 1.00000 1.00000 1.00000 1.00000 1.00000 1.00000 0.97661 0.97347 0.94174 0.97111 1.00000 0.96682 0.95996 0.00000
0.20673 1.00000 1.00000 1.00000 1.00000 0.97538 1.00000 1.00000 1.00000 1.00000 0.98234 1.00000 1.00000 1.00000 1.00000 1.00000 1.00000 1.00000 1.00000 0.96945 1.00000 1.00000 1.00000 1.00000 0.20673
0.28879 0.59141 1.00000 0.97996 0.95910 0.97717 1.00000 1.00000 1.00000 1.00000 0.98497 1.00000 1.00000 1.00000 0.98297 1.00000 1.00000 0.96688 1.00000 0.97406 0.95924 1.00000 1.00000 0.59388 0.28879
0.36289 1.00000 1.00000 1.00000 1.00000 1.00000 1.00000 1.00000 1.00000 1.00000 1.00000 1.00000 1.00000 1.00000 1.00000 1.00000 1.00000 1.00000 1.00000 1.00000 1.00000 1.00000 1.00000 1.00000 0.36289
0.61302 0.93204 1.00000 1.00000 1.00000 1.00000 1.00000 1.00000 1.00000 1.00000 1.00000 1.00000 1.00000 1.00000 1.00000 1.00000 1.00000 1.00000 1.00000 1.00000 1.00000 1.00000 1.00000 0.93109 0.61302
0.64478 0.97390 0.97873 1.00000 0.98086 1.00000 0.98234 0.98497 1.00000 1.00000 1.00000 1.00000 1.00000 1.00000 1.00000 1.00000 1.00000 0.98460 0.98267 0.98150 0.98093 1.00000 0.97804 0.97341 0.64478
0.66667 1.00000 1.00000 1.00000 1.00000 1.00000 1.00000 1.00000 1.00000 1.00000 1.00000 1.00000 1.00000 1.00000 1.00000 1.00000 1.00000 1.00000 1.00000 1.00000 1.00000 1.00000 1.00000 1.00000 0.66667
0.66667 1.00000 1.00000 1.00000 1.00000 1.00000 1.00000 1.00000 1.00000 1.00000 1.00000 1.00000 1.00000 1.00000 1.00000 1.00000 1.00000 1.00000 1.00000 1.00000 1.00000 1.00000 1.00000 1.00000 0.66667
0.66667 1.00000 1.00000 1.00000 1.00000 1.00000 1.00000 1.00000 1.00000 1.00000 1.00000 1.00000 1.00000 1.00000 1.00000 1.00000 1.00000 1.00000 1.00000 1.00000 1.00000 1.00000 1.00000 1.00000 0.66667
0.64195 0.97048 0.97593 1.00000 0.97832 1.00000 1.00000 0.98297 1.00000 1.00000 1.00000 1.00000 1.00000 1.00000 1.00000 1.00000 1.00000 0.98255 1.00000 1.00000 0.97840 1.00000 0.97515 0.96772 0.64195
0.60738 0.92499 1.00000 1.00000 1.00000 1.00000 1.00000 1.00000 1.00000 1.00000 1.00000 1.00000 1.00000 1.00000 1.00000 1.00000 1.00000 1.00000 1.00000 1.00000 1.00000 1.00000 1.00000 0.92393 0.60738
0.35711 1.00000 1.00000 1.00000 1.00000 1.00000 1.00000 1.00000 1.00000 1.00000 1.00000 1.00000 1.00000 1.00000 1.00000 1.00000 1.00000 1.00000 1.00000 1.00000 1.00000 1.00000 1.00000 1.00000 0.35711
0.27908 0.58574 1.00000 0.97946 0.95347 0.97661 1.00000 0.96688 1.00000 1.00000 0.98460 1.00000 1.00000 1.00000 0.98255 1.00000 1.00000 1.00000 1.00000 0.97343 1.00000 1.00000 1.00000 0.58818 0.27908
0.19630 1.00000 1.00000 1.00000 1.00000 0.97347 1.00000 1.00000 1.00000 1.00000 0.98267 1.00000 1.00000 1.00000 1.00000 1.00000 1.00000 1.00000 1.00000 0.97002 1.00000 1.00000 1.00000 1.00000 0.00000
0.00000 0.95548 0.96353 0.96844 0.96710 0.94174 0.96945 0.97406 1.00000 1.00000 0.98150 1.00000 1.00000 1.00000 1.00000 1.00000 1.00000 0.97343 0.97002 0.93724 0.96722 1.00000 0.96238 0.95467 0.00000
0.00000 0.32744 1.00000 0.97461 0.94067 0.97111 1.00000 0.95924 1.00000 1.00000 0.98093 1.00000 1.00000 1.00000 0.97840 1.00000 1.00000 1.00000 1.00000 0.96722 1.00000 1.00000 1.00000 0.32822 0.00000
0.00000 1.00000 1.00000 1.00000 1.00000 1.00000 1.00000 1.00000 1.00000 1.00000 1.00000 1.00000 1.00000 1.00000 1.00000 1.00000 1.00000 1.00000 1.00000 1.00000 1.00000 1.00000 1.00000 1.00000 0.00000
0.00000 0.34491 1.00000 0.97081 1.00000 0.96682 1.00000 1.00000 1.00000 1.00000 0.97804 1.00000 1.00000 1.00000 0.97515 1.00000 1.00000 1.00000 1.00000 0.96238 1.00000 1.00000 1.00000 0.34628 0.00000
0.00000 0.36866 0.34218 0.96474 0.32868 0.95996 1.00000 0.59388 1.00000 0.93109 0.97341 1.00000 1.00000 1.00000 0.96772 0.92393 1.00000 0.58818 1.00000 0.95467 0.32822 1.00000 0.34628 0.37105 0.00000
0.00000 0.00000 0.00000 0.00000 0.00000 0.00000 0.20673 0.28879 0.36289 0.61302 0.64478 0.66667 0.66667 0.66667 0.64195 0.60738 0.35711 0.27908 0.00000 0.00000 0.00000 0.00000 0.00000 0.00000 0.00000
