# name=grid_streets_w8 field=200x200 stride=8
25 25
0.00000 0.00000 0.00000 0.00000 0.00000 0.00000 0.22040 0.29391 0.55312 0.60282 0.64857 0.65642 0.66167 0.64795 0.62053 0.37068 0.30245 0.22427 0.00000 0.00000 0.00000 0.00000 0.00000 0.00000 0.00000
0.00000 0.36090 1.00000 0.95779 0.32224 0.96263 0.98874 0.92873 0.96758 0.91132 0.95425 0.98403 0.99404 0.97821 0.94204 1.00000 0.94956 1.00000 0.95779 0.32224 0.96263 1.00000 0.36314 0.00000 0.00000
0.00000 1.00000 1.00000 0.96554 1.00000 0.96953 0.98625 0.97541 0.96690 0.96877 0.95776 0.98463 0.99251 0.98232 1.00000 1.00000 1.00000 1.00000 0.96554 1.00000 0.96953 1.00000 1.00000 0.00000 0.00000
0.00000 0.95779 0.96554 0.94241 0.96932 0.97535 0.96110 0.95425 0.96532 0.96743 0.96070 0.98554 0.99295 0.98506 1.00000 1.00000 0.97666 0.97398 0.94241 0.96932 0.97535 0.96445 0.95700 0.00000 0.00000
0.00000 0.32224 1.00000 0.96932 1.00000 0.97290 0.99142 0.94060 0.96656 0.96877 0.95946 0.98342 0.99560 0.98430 1.00000 1.00000 0.96321 1.00000 0.96932 1.00000 0.97290 1.00000 0.32295 0.00000 0.00000
0.00000 0.96263 0.96953 0.97535 0.97290 0.95051 0.96405 0.95675 0.96740 0.96758 0.95926 0.98544 0.99290 1.00000 1.00000 1.00000 0.97941 0.97703 0.97535 0.97290 0.95051 0.96856 0.96192 0.00000 0.00000
0.22040 0.98874 0.98625 0.96110 0.99142 0.96405 0.97856 0.96236 0.95376 0.95593 0.94855 0.97206 0.98222 0.97343 0.99049 0.98707 0.98755 0.98900 0.96110 0.99142 0.96405 0.98625 0.98856 0.22040 0.00000
0.29391 0.92873 0.97541 0.95425 0.94060 0.95675 0.96236 0.95082 0.94349 0.94248 0.93977 0.95970 0.96839 0.96466 0.97432 0.97669 0.97506 0.97469 0.95425 0.94060 0.95675 0.97541 0.92791 0.29391 0.31173
0.55312 0.96758 0.96690 0.96532 0.96656 0.96740 0.95376 0.94349 0.93254 0.93504 0.94252 0.95276 0.95976 0.96594 0.96691 0.96707 0.96590 0.96614 0.96532 0.96656 0.96740 0.96699 0.96765 0.35587 0.35587
0.60282 0.91132 0.96877 0.96743 0.96877 0.96758 0.95593 0.94248 0.93504 0.93851 0.94269 0.95082 0.96211 0.96807 0.96877 0.96725 0.96717 0.96531 0.96743 0.96877 0.96758 0.96877 0.91081 0.60282 0.60282
0.64857 0.95425 0.95776 0.96070 0.95946 0.95926 0.94855 0.93977 0.94252 0.94269 0.94663 0.95902 0.96648 0.97358 0.97370 0.97219 0.96273 0.96154 0.96070 0.95946 0.95926 0.95727 0.95388 0.64857 0.64857
0.65642 0.98403 0.98463 0.98554 0.98342 0.98544 0.97206 0.95970 0.95276 0.95082 0.95902 0.96868 0.97791 0.98510 0.98363 0.98567 0.98431 0.98397 0.98554 0.98342 0.98544 0.98463 0.98407 0.65642 0.65444
0.66167 0.99404 0.99251 0.99295 0.99560 0.99290 0.98222 0.96839 0.95976 0.96211 0.96648 0.97791 0.98702 0.99274 0.99507 0.99301 0.99332 0.99420 0.99295 0.99560 0.99290 0.99251 0.99394 0.66167 0.66667
0.64795 0.97821 0.98232 0.98506 0.98430 1.00000 0.97343 0.96466 0.96594 0.96807 0.97358 0.98510 0.99274 1.00000 1.00000 1.00000 0.98812 0.98673 0.98506 0.98430 1.00000 0.98174 0.97779 0.66667 0.66667
0.62053 0.94204 1.00000 1.00000 1.00000 1.00000 0.99049 0.97432 0.96691 0.96877 0.97370 0.98363 0.99507 1.00000 1.00000 1.00000 1.00000 1.00000 1.00000 1.00000 1.00000 1.00000 0.94123 0.62053 0.62053
0.37068 1.00000 1.00000 1.00000 1.00000 1.00000 0.98707 0.97669 0.96707 0.96725 0.97219 0.98567 0.99301 1.00000 1.00000 1.00000 1.00000 1.00000 1.00000 1.00000 1.00000 1.00000 1.00000 0.37068 0.37068
0.30245 0.94956 1.00000 0.97666 0.96321 0.97941 0.98755 0.97506 0.96590 0.96717 0.96273 0.98431 0.99332 0.98812 1.00000 1.00000 1.00000 1.00000 0.97666 0.96321 0.97941 1.00000 0.94862 0.30245 0.32320
0.22427 1.00000 1.00000 0.97398 1.00000 0.97703 0.98900 0.97469 0.96614 0.96531 0.96154 0.98397 0.99420 0.98673 1.00000 1.00000 1.00000 1.00000 0.97398 1.00000 0.97703 1.00000 1.00000 0.22427 0.00000
0.00000 0.95779 0.96554 0.94241 0.96932 0.97535 0.96110 0.95425 0.96532 0.96743 0.96070 0.98554 0.99295 0.98506 1.00000 1.00000 0.97666 0.97398 0.94241 0.96932 0.97535 0.96445 0.95700 0.00000 0.00000
0.00000 0.32224 1.00000 0.96932 1.00000 0.97290 0.99142 0.94060 0.96656 0.96877 0.95946 0.98342 0.99560 0.98430 1.00000 1.00000 0.96321 1.00000 0.96932 1.00000 0.97290 1.00000 0.32295 0.00000 0.00000
0.00000 0.96263 0.96953 0.97535 0.97290 0.95051 0.96405 0.95675 0.96740 0.96758 0.95926 0.98544 0.99290 1.00000 1.00000 1.00000 0.97941 0.97703 0.97535 0.97290 0.95051 0.96856 0.96192 0.00000 0.00000
0.00000 1.00000 1.00000 0.96445 1.00000 0.96856 0.98625 0.97541 0.96699 0.96877 0.95727 0.98463 0.99251 0.98174 1.00000 1.00000 1.00000 1.00000 0.96445 1.00000 0.96856 1.00000 1.00000 0.00000 0.00000
0.00000 0.36314 1.00000 0.95700 0.32295 0.96192 0.98856 0.92791 0.96765 0.91081 0.95388 0.98407 0.99394 0.97779 0.94123 1.00000 0.94862 1.00000 0.95700 0.32295 0.96192 1.00000 0.36548 0.00000 0.00000
0.00000 0.00000 0.00000 0.00000 0.00000 0.00000 0.22040 0.29391 0.35587 0.60282 0.64857 0.65642 0.66167 0.66667 0.62053 0.37068 0.30245 0.22427 0.00000 0.00000 0.00000 0.00000 0.00000 0.00000 0.00000
0.00000 0.00000 0.00000 0.00000 0.00000 0.00000 0.00000 0.31173 0.35587 0.60282 0.64857 0.65444 0.66667 0.66667 0.62053 0.37068 0.32320 0.00000 0.00000 0.00000 0.00000 0.00000 0.00000 0.00000 0.00000
