# name=grid_streets_w7 field=200x200 stride=8
25 25
0.00000 0.14890 0.14655 0.36100 0.36487 0.14606 0.36487 0.36100 0.79082 0.87494 0.81710 0.88044 0.92185 0.95637 0.95719 0.90695 0.85986 0.91305 0.84646 0.75442 0.36386 0.36308 0.14624 0.14820 0.00000
0.14890 0.35551 1.00000 0.94945 0.91428 0.93221 0.91428 0.94945 1.00000 0.94769 1.00000 1.00000 0.98055 1.00000 1.00000 0.97053 1.00000 0.97450 1.00000 1.00000 0.93004 0.93705 1.00000 0.35069 0.36653
0.14655 1.00000 1.00000 1.00000 1.00000 0.94432 1.00000 1.00000 1.00000 1.00000 1.00000 1.00000 0.98405 1.00000 1.00000 1.00000 1.00000 0.97898 1.00000 1.00000 1.00000 1.00000 1.00000 1.00000 0.33756
0.36100 0.94945 1.00000 1.00000 0.96378 0.95400 0.96378 1.00000 1.00000 1.00000 1.00000 1.00000 0.98629 1.00000 1.00000 1.00000 1.00000 0.98159 0.97053 1.00000 1.00000 1.00000 1.00000 0.95151 0.75825
0.36487 0.91428 1.00000 0.96378 1.00000 0.95106 1.00000 0.96378 1.00000 1.00000 1.00000 1.00000 0.98600 1.00000 1.00000 0.97908 1.00000 0.98148 1.00000 1.00000 1.00000 1.00000 1.00000 1.00000 0.76489
0.14606 0.93221 0.94432 0.95400 0.95106 1.00000 0.95106 0.95400 0.95844 0.96262 1.00000 1.00000 1.00000 1.00000 1.00000 1.00000 1.00000 0.96866 0.96004 0.95932 0.95181 0.95241 0.94781 0.93491 0.13501
0.36487 0.91428 1.00000 0.96378 1.00000 0.95106 1.00000 0.96378 1.00000 1.00000 1.00000 1.00000 0.98600 1.00000 1.00000 0.97908 1.00000 0.98148 1.00000 1.00000 1.00000 1.00000 1.00000 1.00000 0.76489
0.36100 0.94945 1.00000 1.00000 0.96378 0.95400 0.96378 1.00000 1.00000 1.00000 1.00000 1.00000 0.98629 1.00000 1.00000 1.00000 1.00000 0.98159 0.97053 1.00000 1.00000 1.00000 1.00000 0.95151 0.75825
0.79082 1.00000 1.00000 1.00000 1.00000 0.95844 1.00000 1.00000 1.00000 1.00000 1.00000 1.00000 0.98813 1.00000 1.00000 1.00000 1.00000 0.98425 1.00000 1.00000 1.00000 1.00000 1.00000 1.00000 0.79897
0.87494 0.94769 1.00000 1.00000 1.00000 0.96262 1.00000 1.00000 1.00000 1.00000 1.00000 1.00000 0.98933 1.00000 1.00000 1.00000 1.00000 0.98581 1.00000 1.00000 1.00000 1.00000 1.00000 0.94982 0.85041
0.81710 1.00000 1.00000 1.00000 1.00000 1.00000 1.00000 1.00000 1.00000 1.00000 1.00000 1.00000 1.00000 1.00000 1.00000 1.00000 1.00000 1.00000 1.00000 1.00000 1.00000 1.00000 1.00000 1.00000 0.91444
0.88044 1.00000 1.00000 1.00000 1.00000 1.00000 1.00000 1.00000 1.00000 1.00000 1.00000 1.00000 1.00000 1.00000 1.00000 1.00000 1.00000 1.00000 1.00000 1.00000 1.00000 1.00000 1.00000 1.00000 0.94123
0.92185 0.98055 0.98405 0.98629 0.98600 1.00000 0.98600 0.98629 0.98813 0.98933 1.00000 1.00000 1.00000 1.00000 1.00000 1.00000 1.00000 1.00000 0.98859 1.00000 0.98622 0.98639 0.98433 0.98133 0.97517
0.95637 1.00000 1.00000 1.00000 1.00000 1.00000 1.00000 1.00000 1.00000 1.00000 1.00000 1.00000 1.00000 1.00000 1.00000 1.00000 1.00000 1.00000 1.00000 1.00000 1.00000 1.00000 1.00000 1.00000 1.00000
0.95719 1.00000 1.00000 1.00000 1.00000 1.00000 1.00000 1.00000 1.00000 1.00000 1.00000 1.00000 1.00000 1.00000 1.00000 1.00000 1.00000 1.00000 1.00000 1.00000 1.00000 1.00000 1.00000 1.00000 1.00000
0.90695 0.97053 1.00000 1.00000 0.97908 1.00000 0.97908 1.00000 1.00000 1.00000 1.00000 1.00000 1.00000 1.00000 1.00000 1.00000 1.00000 1.00000 0.98306 1.00000 1.00000 1.00000 1.00000 0.97177 0.96512
0.85986 1.00000 1.00000 1.00000 1.00000 1.00000 1.00000 1.00000 1.00000 1.00000 1.00000 1.00000 1.00000 1.00000 1.00000 1.00000 1.00000 1.00000 1.00000 1.00000 1.00000 1.00000 1.00000 1.00000 0.93585
0.91305 0.97450 0.97898 0.98159 0.98148 0.96866 0.98148 0.98159 0.98425 0.98581 1.00000 1.00000 1.00000 1.00000 1.00000 1.00000 1.00000 1.00000 0.98484 1.00000 0.98177 0.98199 0.97899 0.97549 0.91842
0.84646 1.00000 1.00000 0.97053 1.00000 0.96004 1.00000 0.97053 1.00000 1.00000 1.00000 1.00000 0.98859 1.00000 1.00000 0.98306 1.00000 0.98484 1.00000 1.00000 1.00000 1.00000 1.00000 1.00000 0.87544
0.75442 1.00000 1.00000 1.00000 1.00000 0.95932 1.00000 1.00000 1.00000 1.00000 1.00000 1.00000 1.00000 1.00000 1.00000 1.00000 1.00000 1.00000 1.00000 1.00000 1.00000 1.00000 1.00000 1.00000 0.82894
0.36386 0.93004 1.00000 1.00000 1.00000 0.95181 1.00000 1.00000 1.00000 1.00000 1.00000 1.00000 0.98622 1.00000 1.00000 1.00000 1.00000 0.98177 1.00000 1.00000 1.00000 1.00000 1.00000 0.93282 0.80423
0.36308 0.93705 1.00000 1.00000 1.00000 0.95241 1.00000 1.00000 1.00000 1.00000 1.00000 1.00000 0.98639 1.00000 1.00000 1.00000 1.00000 0.98199 1.00000 1.00000 1.00000 1.00000 1.00000 0.93958 0.80284
0.14624 1.00000 1.00000 1.00000 1.00000 0.94781 1.00000 1.00000 1.00000 1.00000 1.00000 1.00000 0.98433 1.00000 1.00000 1.00000 1.00000 0.97899 1.00000 1.00000 1.00000 1.00000 1.00000 1.00000 0.33880
0.14820 0.35069 1.00000 0.95151 1.00000 0.93491 1.00000 0.95151 1.00000 0.94982 1.00000 1.00000 0.98133 1.00000 1.00000 0.97177 1.00000 0.97549 1.00000 1.00000 0.93282 0.93958 1.00000 1.00000 0.36045
0.00000 0.36653 0.33756 0.75825 0.76489 0.13501 0.76489 0.75825 0.79897 0.85041 0.91444 0.94123 0.97517 1.00000 1.00000 0.96512 0.93585 0.91842 0.87544 0.82894 0.80423 0.80284 0.33880 0.36045 0.00000
