# name=grid_streets_w6 field=200x200 stride=8
25 25
0.00000 0.36875 0.35897 0.37230 0.84518 0.37001 0.84639 0.92018 0.90415 0.92490 0.97322 0.97627 0.97983 1.00000 0.94109 0.97448 0.94064 0.91936 0.79898 0.84399 0.84242 0.15230 0.36767 0.00000 0.00000
0.36875 0.35025 1.00000 0.94050 1.00000 0.94415 1.00000 0.96267 1.00000 0.96506 1.00000 0.96533 1.00000 1.00000 0.97671 1.00000 0.97677 1.00000 0.97507 0.92704 0.93403 1.00000 1.00000 0.36568 0.15327
0.35897 1.00000 1.00000 1.00000 1.00000 0.97545 1.00000 1.00000 1.00000 1.00000 1.00000 1.00000 1.00000 1.00000 1.00000 1.00000 0.98186 1.00000 0.98104 1.00000 1.00000 1.00000 1.00000 0.35646 0.15236
0.37230 0.94050 1.00000 1.00000 1.00000 0.97935 1.00000 1.00000 1.00000 1.00000 1.00000 1.00000 1.00000 1.00000 1.00000 1.00000 0.98472 1.00000 1.00000 1.00000 1.00000 1.00000 0.94169 0.84079 0.37230
0.84518 1.00000 1.00000 1.00000 1.00000 0.97846 1.00000 0.97278 1.00000 1.00000 1.00000 1.00000 1.00000 1.00000 1.00000 1.00000 0.98332 1.00000 0.98298 1.00000 1.00000 1.00000 1.00000 0.84545 0.37452
0.37001 0.94415 0.97545 0.97935 0.97846 0.96228 0.94694 0.98352 0.95362 0.98536 1.00000 1.00000 1.00000 1.00000 1.00000 1.00000 1.00000 0.95563 0.98190 0.97870 0.97900 0.97624 0.94384 0.83596 0.15222
0.84639 1.00000 1.00000 1.00000 1.00000 0.94694 1.00000 0.97256 1.00000 0.97480 1.00000 1.00000 1.00000 1.00000 0.98335 1.00000 0.98318 1.00000 0.98148 1.00000 1.00000 1.00000 1.00000 0.84665 0.37510
0.92018 0.96267 1.00000 1.00000 0.97278 0.98352 0.97256 1.00000 0.97696 1.00000 1.00000 1.00000 1.00000 1.00000 1.00000 1.00000 1.00000 0.97791 1.00000 0.97300 1.00000 1.00000 0.96334 0.93899 0.15221
0.90415 1.00000 1.00000 1.00000 1.00000 0.95362 1.00000 0.97696 1.00000 1.00000 1.00000 1.00000 1.00000 1.00000 0.98620 1.00000 0.98598 1.00000 0.98530 1.00000 1.00000 1.00000 1.00000 0.90384 0.85612
0.92490 0.96506 1.00000 1.00000 1.00000 0.98536 0.97480 1.00000 1.00000 1.00000 1.00000 1.00000 1.00000 1.00000 1.00000 1.00000 1.00000 1.00000 1.00000 1.00000 1.00000 1.00000 0.96573 0.94041 0.39286
0.97322 1.00000 1.00000 1.00000 1.00000 1.00000 1.00000 1.00000 1.00000 1.00000 1.00000 1.00000 1.00000 1.00000 1.00000 1.00000 1.00000 1.00000 1.00000 1.00000 1.00000 1.00000 1.00000 0.97195 0.87777
0.97627 0.96533 1.00000 1.00000 1.00000 1.00000 1.00000 1.00000 1.00000 1.00000 1.00000 1.00000 1.00000 1.00000 1.00000 1.00000 1.00000 1.00000 1.00000 1.00000 1.00000 1.00000 0.96605 0.97498 0.92808
0.97983 1.00000 1.00000 1.00000 1.00000 1.00000 1.00000 1.00000 1.00000 1.00000 1.00000 1.00000 1.00000 1.00000 1.00000 1.00000 1.00000 1.00000 1.00000 1.00000 1.00000 1.00000 1.00000 1.00000 0.97983
1.00000 1.00000 1.00000 1.00000 1.00000 1.00000 1.00000 1.00000 1.00000 1.00000 1.00000 1.00000 1.00000 1.00000 1.00000 1.00000 1.00000 1.00000 1.00000 1.00000 1.00000 1.00000 1.00000 1.00000 0.97940
0.94109 0.97671 1.00000 1.00000 1.00000 1.00000 0.98335 1.00000 0.98620 1.00000 1.00000 1.00000 1.00000 1.00000 1.00000 1.00000 1.00000 0.98680 1.00000 1.00000 1.00000 1.00000 0.97717 0.97671 0.98450
0.97448 1.00000 1.00000 1.00000 1.00000 1.00000 1.00000 1.00000 1.00000 1.00000 1.00000 1.00000 1.00000 1.00000 1.00000 1.00000 1.00000 1.00000 1.00000 1.00000 1.00000 1.00000 1.00000 0.97427 0.89952
0.94064 0.97677 0.98186 0.98472 0.98332 1.00000 0.98318 1.00000 0.98598 1.00000 1.00000 1.00000 1.00000 1.00000 1.00000 1.00000 1.00000 0.98657 1.00000 0.98347 0.98445 0.98244 0.97720 0.95922 0.40017
0.91936 1.00000 1.00000 1.00000 1.00000 0.95563 1.00000 0.97791 1.00000 1.00000 1.00000 1.00000 1.00000 1.00000 0.98680 1.00000 0.98657 1.00000 0.98662 1.00000 1.00000 1.00000 1.00000 0.91896 0.88568
0.79898 0.97507 0.98104 1.00000 0.98298 0.98190 0.98148 1.00000 0.98530 1.00000 1.00000 1.00000 1.00000 1.00000 1.00000 1.00000 1.00000 0.98662 1.00000 0.98321 0.98348 1.00000 0.97550 0.87562 0.15225
0.84399 0.92704 1.00000 1.00000 1.00000 0.97870 1.00000 0.97300 1.00000 1.00000 1.00000 1.00000 1.00000 1.00000 1.00000 1.00000 0.98347 1.00000 0.98321 1.00000 1.00000 1.00000 1.00000 0.84427 0.37396
0.84242 0.93403 1.00000 1.00000 1.00000 0.97900 1.00000 1.00000 1.00000 1.00000 1.00000 1.00000 1.00000 1.00000 1.00000 1.00000 0.98445 1.00000 0.98348 1.00000 1.00000 1.00000 0.93534 0.84271 0.37321
0.15230 1.00000 1.00000 1.00000 1.00000 0.97624 1.00000 1.00000 1.00000 1.00000 1.00000 1.00000 1.00000 1.00000 1.00000 1.00000 0.98244 1.00000 1.00000 1.00000 1.00000 1.00000 1.00000 0.35550 0.15230
0.36767 1.00000 1.00000 0.94169 1.00000 0.94384 1.00000 0.96334 1.00000 0.96573 1.00000 0.96605 1.00000 1.00000 0.97717 1.00000 0.97720 1.00000 0.97550 1.00000 0.93534 1.00000 1.00000 0.36496 0.15313
0.00000 0.36568 0.35646 0.84079 0.84545 0.83596 0.84665 0.93899 0.90384 0.94041 0.97195 0.97498 1.00000 1.00000 0.97671 0.97427 0.95922 0.91896 0.87562 0.84427 0.84271 0.35550 0.36496 0.00000 0.00000
0.00000 0.15327 0.15236 0.37230 0.37452 0.15222 0.37510 0.15221 0.85612 0.39286 0.87777 0.92808 0.97983 0.97940 0.98450 0.89952 0.40017 0.88568 0.15225 0.37396 0.37321 0.15230 0.15313 0.00000 0.00000
