# name=grid_streets_w5 field=200x200 stride=8
25 25
0.00000 0.35814 0.33707 0.79306 0.79414 0.79173 0.79496 0.87702 0.87760 0.92211 0.93634 0.97547 1.00000 0.97653 0.94082 0.92379 0.88298 0.83845 0.79414 0.79306 0.79306 0.79414 0.33829 0.35523 0.15024
0.35814 1.00000 0.97040 1.00000 1.00000 0.91084 1.00000 0.96998 1.00000 0.97564 1.00000 0.97829 1.00000 0.98076 1.00000 0.97874 1.00000 0.97374 1.00000 0.97545 0.97545 1.00000 0.96686 1.00000 0.35687
0.33707 0.97040 0.95454 0.98004 0.97982 0.97722 0.97964 0.97730 0.98398 1.00000 1.00000 1.00000 1.00000 1.00000 1.00000 0.98362 0.98431 0.98030 0.97982 0.96199 0.96199 0.97982 0.97299 0.97102 0.32984
0.79306 1.00000 0.98004 1.00000 1.00000 0.98060 1.00000 0.98034 1.00000 1.00000 1.00000 1.00000 1.00000 1.00000 1.00000 0.98602 1.00000 0.98288 1.00000 0.98297 0.98297 1.00000 0.97762 1.00000 0.75591
0.79414 1.00000 0.97982 1.00000 1.00000 0.98033 1.00000 0.98003 1.00000 1.00000 1.00000 1.00000 1.00000 1.00000 1.00000 0.98582 1.00000 0.98261 1.00000 0.98330 0.98330 1.00000 0.97737 1.00000 0.75687
0.79173 0.91084 0.97722 0.98060 0.98033 0.96358 0.98077 0.98442 0.98486 1.00000 1.00000 1.00000 1.00000 1.00000 1.00000 1.00000 0.98518 0.96775 0.98033 0.98060 0.98060 0.98033 0.95817 0.97260 0.93006
0.79496 1.00000 0.97964 1.00000 1.00000 0.98077 1.00000 0.97977 1.00000 0.98351 1.00000 1.00000 1.00000 0.98698 1.00000 0.98565 1.00000 0.98338 1.00000 0.98316 0.98316 1.00000 0.97718 1.00000 0.75760
0.87702 0.96998 0.97730 0.98034 0.98003 0.98442 0.97977 1.00000 0.98492 1.00000 1.00000 1.00000 1.00000 1.00000 1.00000 1.00000 0.98461 0.98602 0.98003 0.98034 0.98034 0.98003 0.98240 0.97049 0.96699
0.87760 1.00000 0.98398 1.00000 1.00000 0.98486 1.00000 0.98492 1.00000 0.98711 1.00000 1.00000 1.00000 0.98982 1.00000 0.98915 1.00000 0.98693 1.00000 0.98676 0.98676 1.00000 0.98202 1.00000 0.83661
0.92211 0.97564 1.00000 1.00000 1.00000 1.00000 0.98351 1.00000 0.98711 1.00000 1.00000 1.00000 1.00000 1.00000 1.00000 1.00000 0.98742 1.00000 1.00000 1.00000 1.00000 1.00000 1.00000 0.97609 0.97295
0.93634 1.00000 1.00000 1.00000 1.00000 1.00000 1.00000 1.00000 1.00000 1.00000 1.00000 1.00000 1.00000 1.00000 1.00000 1.00000 1.00000 1.00000 1.00000 1.00000 1.00000 1.00000 1.00000 1.00000 0.93578
0.97547 0.97829 1.00000 1.00000 1.00000 1.00000 1.00000 1.00000 1.00000 1.00000 1.00000 1.00000 1.00000 1.00000 1.00000 1.00000 1.00000 1.00000 1.00000 1.00000 1.00000 1.00000 1.00000 0.97872 0.97577
1.00000 1.00000 1.00000 1.00000 1.00000 1.00000 1.00000 1.00000 1.00000 1.00000 1.00000 1.00000 1.00000 1.00000 1.00000 1.00000 1.00000 1.00000 1.00000 1.00000 1.00000 1.00000 1.00000 1.00000 1.00000
0.97653 0.98076 1.00000 1.00000 1.00000 1.00000 0.98698 1.00000 0.98982 1.00000 1.00000 1.00000 1.00000 1.00000 1.00000 1.00000 0.99006 1.00000 1.00000 1.00000 1.00000 1.00000 1.00000 0.98114 0.97855
0.94082 1.00000 1.00000 1.00000 1.00000 1.00000 1.00000 1.00000 1.00000 1.00000 1.00000 1.00000 1.00000 1.00000 1.00000 1.00000 1.00000 1.00000 1.00000 1.00000 1.00000 1.00000 1.00000 1.00000 0.94133
0.92379 0.97874 0.98362 0.98602 0.98582 1.00000 0.98565 1.00000 0.98915 1.00000 1.00000 1.00000 1.00000 1.00000 1.00000 1.00000 0.98907 1.00000 0.98582 0.98602 0.98602 0.98582 1.00000 0.97913 0.97641
0.88298 1.00000 0.98431 1.00000 1.00000 0.98518 1.00000 0.98461 1.00000 0.98742 1.00000 1.00000 1.00000 0.99006 1.00000 0.98907 1.00000 0.98721 1.00000 0.98704 0.98704 1.00000 0.98239 1.00000 0.88237
0.83845 0.97374 0.98030 0.98288 0.98261 0.96775 0.98338 0.98602 0.98693 1.00000 1.00000 1.00000 1.00000 1.00000 1.00000 1.00000 0.98721 0.97106 0.98261 0.98288 0.98288 0.98261 0.96358 0.97628 1.00000
0.79414 1.00000 0.97982 1.00000 1.00000 0.98033 1.00000 0.98003 1.00000 1.00000 1.00000 1.00000 1.00000 1.00000 1.00000 0.98582 1.00000 0.98261 1.00000 0.98330 0.98330 1.00000 0.97737 1.00000 0.79397
0.79306 0.97545 0.96199 0.98297 0.98330 0.98060 0.98316 0.98034 0.98676 1.00000 1.00000 1.00000 1.00000 1.00000 1.00000 0.98602 0.98704 0.98288 0.98330 0.96733 0.96733 0.98330 0.97762 0.97597 0.79291
0.79306 0.97545 0.96199 0.98297 0.98330 0.98060 0.98316 0.98034 0.98676 1.00000 1.00000 1.00000 1.00000 1.00000 1.00000 0.98602 0.98704 0.98288 0.98330 0.96733 0.96733 0.98330 0.97762 0.97597 0.79291
0.79414 1.00000 0.97982 1.00000 1.00000 0.98033 1.00000 0.98003 1.00000 1.00000 1.00000 1.00000 1.00000 1.00000 1.00000 0.98582 1.00000 0.98261 1.00000 0.98330 0.98330 1.00000 0.97737 1.00000 0.79397
0.33829 0.96686 0.97299 0.97762 0.97737 0.95817 0.97718 0.98240 0.98202 1.00000 1.00000 1.00000 1.00000 1.00000 1.00000 1.00000 0.98239 0.96358 0.97737 0.97762 0.97762 0.97737 0.95089 0.96756 1.00000
0.35523 1.00000 0.97102 1.00000 1.00000 0.97260 1.00000 0.97049 1.00000 0.97609 1.00000 0.97872 1.00000 0.98114 1.00000 0.97913 1.00000 0.97628 1.00000 0.97597 0.97597 1.00000 0.96756 1.00000 0.35404
0.15024 0.35687 0.32984 0.75591 0.75687 0.93006 0.75760 0.96699 0.83661 0.97295 0.93578 0.97577 1.00000 0.97855 0.94133 0.97641 0.88237 1.00000 0.79397 0.79291 0.79291 0.79397 1.00000 0.35404 0.37278
