# name=grid_streets_w1 field=200x200 stride=8
25 25
0.35241 1.00000 0.93400 0.96883 0.86073 0.95697 0.95697 0.93495 0.97811 0.98096 1.00000 0.98112 1.00000 0.99241 0.97799 0.94115 0.93750 0.93114 0.93534 0.98507 0.86073 0.96883 0.93400 1.00000 0.35241
1.00000 0.94566 0.97963 0.95585 1.00000 0.96502 0.98398 1.00000 0.96819 1.00000 0.99080 1.00000 1.00000 0.99025 0.97134 0.96608 0.93722 0.95478 0.95408 0.94994 1.00000 0.95585 0.97963 0.94566 1.00000
0.93400 0.97963 1.00000 1.00000 1.00000 1.00000 1.00000 1.00000 1.00000 1.00000 0.99324 1.00000 1.00000 0.99156 0.97237 0.96440 0.95603 0.95478 0.96637 0.98421 1.00000 1.00000 1.00000 0.97963 0.93400
0.96883 0.95585 1.00000 1.00000 1.00000 0.98788 1.00000 1.00000 1.00000 1.00000 0.99408 1.00000 1.00000 0.99031 0.97468 0.96401 0.95658 0.95355 0.96705 0.97085 1.00000 1.00000 1.00000 0.95585 0.96883
0.86073 1.00000 1.00000 1.00000 1.00000 1.00000 1.00000 1.00000 1.00000 1.00000 1.00000 1.00000 1.00000 0.99227 0.97830 0.96483 0.95497 0.95478 0.96591 0.98549 1.00000 1.00000 1.00000 1.00000 0.86073
0.95697 0.96502 1.00000 0.98788 1.00000 0.97763 0.98900 1.00000 0.99158 1.00000 0.99447 1.00000 1.00000 0.99115 0.97405 0.96397 0.95439 0.95287 0.95673 0.96265 1.00000 0.98788 1.00000 0.96502 0.95697
0.95697 0.98398 1.00000 1.00000 1.00000 0.98900 1.00000 1.00000 1.00000 1.00000 0.99460 1.00000 1.00000 0.99134 0.97462 0.96344 0.95291 0.95208 0.96623 0.97328 1.00000 1.00000 1.00000 0.98398 0.95697
0.93495 1.00000 1.00000 1.00000 1.00000 1.00000 1.00000 1.00000 1.00000 1.00000 1.00000 1.00000 1.00000 0.99315 0.97800 0.96483 0.95437 0.95478 0.96527 0.98705 1.00000 1.00000 1.00000 1.00000 0.93495
0.97811 0.96819 1.00000 1.00000 1.00000 0.99158 1.00000 1.00000 1.00000 1.00000 0.99582 1.00000 1.00000 0.99125 0.97681 0.96296 0.95592 0.95193 0.96753 0.97586 1.00000 1.00000 1.00000 0.96819 0.97811
0.98096 1.00000 1.00000 1.00000 1.00000 1.00000 1.00000 1.00000 1.00000 1.00000 1.00000 1.00000 1.00000 0.99214 0.97873 0.96460 0.95490 0.95478 0.96605 0.98528 1.00000 1.00000 1.00000 1.00000 0.98096
1.00000 0.99080 0.99324 0.99408 1.00000 0.99447 0.99460 1.00000 0.99582 1.00000 1.00000 1.00000 1.00000 0.99133 0.97881 0.96489 0.95469 0.95349 0.96097 0.97850 1.00000 0.99408 0.99324 0.99080 1.00000
0.98112 1.00000 1.00000 1.00000 1.00000 1.00000 1.00000 1.00000 1.00000 1.00000 1.00000 1.00000 1.00000 0.99086 0.97980 0.96363 0.95441 0.95296 0.96658 0.98278 1.00000 1.00000 1.00000 1.00000 0.98112
1.00000 1.00000 1.00000 1.00000 1.00000 1.00000 1.00000 1.00000 1.00000 1.00000 1.00000 1.00000 1.00000 0.99295 0.97869 0.96483 0.95498 0.95478 0.96538 0.98666 1.00000 1.00000 1.00000 1.00000 1.00000
0.99241 0.99025 0.99156 0.99031 0.99227 0.99115 0.99134 0.99315 0.99125 0.99214 0.99133 0.99086 0.99295 0.98264 0.97092 0.95559 0.94561 0.94534 0.95763 0.97550 0.99227 0.99031 0.99156 0.99025 0.99241
0.97799 0.97134 0.97237 0.97468 0.97830 0.97405 0.97462 0.97800 0.97681 0.97873 0.97881 0.97980 0.97869 0.97092 0.95804 0.94436 0.93592 0.93280 0.94133 0.95783 0.97830 0.97468 0.97237 0.97134 0.97799
0.94115 0.96608 0.96440 0.96401 0.96483 0.96397 0.96344 0.96483 0.96296 0.96460 0.96489 0.96363 0.96483 0.95559 0.94436 0.93053 0.92031 0.92120 0.93118 0.94829 0.96483 0.96401 0.96440 0.96608 0.94115
0.93750 0.93722 0.95603 0.95658 0.95497 0.95439 0.95291 0.95437 0.95592 0.95490 0.95469 0.95441 0.95498 0.94561 0.93592 0.92031 0.91427 0.90968 0.92145 0.93811 0.95497 0.95658 0.95603 0.93722 0.93750
0.93114 0.95478 0.95478 0.95355 0.95478 0.95287 0.95208 0.95478 0.95193 0.95478 0.95349 0.95296 0.95478 0.94534 0.93280 0.92120 0.90968 0.91161 0.91990 0.93812 0.95478 0.95355 0.95478 0.95478 0.93114
0.93534 0.95408 0.96637 0.96705 0.96591 0.95673 0.96623 0.96527 0.96753 0.96605 0.96097 0.96658 0.96538 0.95763 0.94133 0.93118 0.92145 0.91990 0.93289 0.94059 0.96591 0.96705 0.96637 0.95408 0.93534
0.98507 0.94994 0.98421 0.97085 0.98549 0.96265 0.97328 0.98705 0.97586 0.98528 0.97850 0.98278 0.98666 0.97550 0.95783 0.94829 0.93811 0.93812 0.94059 0.95012 0.98549 0.97085 0.98421 0.94994 0.98507
0.86073 1.00000 1.00000 1.00000 1.00000 1.00000 1.00000 1.00000 1.00000 1.00000 1.00000 1.00000 1.00000 0.99227 0.97830 0.96483 0.95497 0.95478 0.96591 0.98549 1.00000 1.00000 1.00000 1.00000 0.86073
0.96883 0.95585 1.00000 1.00000 1.00000 0.98788 1.00000 1.00000 1.00000 1.00000 0.99408 1.00000 1.00000 0.99031 0.97468 0.96401 0.95658 0.95355 0.96705 0.97085 1.00000 1.00000 1.00000 0.95585 0.96883
0.93400 0.97963 1.00000 1.00000 1.00000 1.00000 1.00000 1.00000 1.00000 1.00000 0.99324 1.00000 1.00000 0.99156 0.97237 0.96440 0.95603 0.95478 0.96637 0.98421 1.00000 1.00000 1.00000 0.97963 0.93400
1.00000 0.94566 0.97963 0.95585 1.00000 0.96502 0.98398 1.00000 0.96819 1.00000 0.99080 1.00000 1.00000 0.99025 0.97134 0.96608 0.93722 0.95478 0.95408 0.94994 1.00000 0.95585 0.97963 0.94566 1.00000
0.35241 1.00000 0.93400 0.96883 0.86073 0.95697 0.95697 0.93495 0.97811 0.98096 1.00000 0.98112 1.00000 0.99241 0.97799 0.94115 0.93750 0.93114 0.93534 0.98507 0.86073 0.96883 0.93400 1.00000 0.35241
