# name=grid_streets_w4 field=200x200 stride=8
25 25
0.37039 0.35272 0.95889 0.69414 0.88652 0.69414 0.92957 0.75360 0.94721 0.90734 0.96005 1.00000 1.00000 1.00000 0.98201 0.94844 0.97807 0.80545 0.96948 0.69414 0.88652 0.69414 0.91870 0.33037 0.35536
0.35272 1.00000 0.96406 1.00000 0.97051 0.97400 1.00000 0.97826 1.00000 0.98414 1.00000 0.98674 1.00000 1.00000 0.98492 1.00000 0.98175 1.00000 0.97499 1.00000 0.97051 0.97400 1.00000 0.96767 1.00000
0.95889 0.96406 1.00000 0.97566 1.00000 0.95690 1.00000 0.96366 1.00000 0.98782 1.00000 0.98973 1.00000 1.00000 1.00000 1.00000 1.00000 0.98271 1.00000 0.97756 1.00000 0.95690 1.00000 0.94704 0.96333
0.69414 1.00000 0.97566 1.00000 0.98009 0.98248 1.00000 0.98538 1.00000 0.98937 1.00000 0.99113 1.00000 1.00000 0.98990 1.00000 0.98775 1.00000 0.98316 1.00000 0.98009 0.98248 1.00000 0.97815 1.00000
0.88652 0.97051 1.00000 0.98009 1.00000 0.96441 1.00000 0.97007 1.00000 0.98997 1.00000 0.99156 1.00000 1.00000 1.00000 1.00000 1.00000 0.98572 1.00000 0.98138 1.00000 0.96441 1.00000 0.95611 0.96990
0.69414 0.97400 0.95690 0.98248 0.96441 0.96644 0.98395 0.97180 0.98785 0.98980 1.00000 0.99143 1.00000 1.00000 0.99024 1.00000 0.98825 0.98746 0.96969 0.98363 0.96441 0.96644 0.98267 0.95857 0.97347
0.92957 1.00000 1.00000 1.00000 1.00000 0.98395 1.00000 0.98644 1.00000 0.99041 1.00000 0.99188 1.00000 1.00000 1.00000 1.00000 1.00000 1.00000 1.00000 1.00000 1.00000 0.98395 1.00000 0.98034 1.00000
0.75360 0.97826 0.96366 0.98538 0.97007 0.97180 0.98644 0.97634 0.98978 0.99145 1.00000 0.99282 1.00000 1.00000 0.99182 1.00000 0.99014 0.98946 0.97456 0.98619 0.97007 0.97180 0.98553 0.96509 0.97781
0.94721 1.00000 1.00000 1.00000 1.00000 0.98785 1.00000 0.98978 1.00000 0.99273 1.00000 0.99387 1.00000 1.00000 1.00000 1.00000 1.00000 1.00000 1.00000 1.00000 1.00000 0.98785 1.00000 0.98503 1.00000
0.90734 0.98414 0.98782 0.98937 0.98997 0.98980 0.99041 0.99145 0.99273 1.00000 1.00000 1.00000 1.00000 1.00000 1.00000 1.00000 1.00000 0.99249 0.99147 0.99020 0.98997 0.98980 0.98948 0.98738 0.98381
0.96005 1.00000 1.00000 1.00000 1.00000 1.00000 1.00000 1.00000 1.00000 1.00000 1.00000 1.00000 1.00000 1.00000 1.00000 1.00000 1.00000 1.00000 1.00000 1.00000 1.00000 1.00000 1.00000 1.00000 1.00000
1.00000 0.98674 0.98973 0.99113 0.99156 0.99143 0.99188 0.99282 0.99387 1.00000 1.00000 1.00000 1.00000 1.00000 1.00000 1.00000 1.00000 0.99367 0.99284 0.99171 0.99156 0.99143 0.99122 0.98937 0.98647
1.00000 1.00000 1.00000 1.00000 1.00000 1.00000 1.00000 1.00000 1.00000 1.00000 1.00000 1.00000 1.00000 1.00000 1.00000 1.00000 1.00000 1.00000 1.00000 1.00000 1.00000 1.00000 1.00000 1.00000 1.00000
1.00000 1.00000 1.00000 1.00000 1.00000 1.00000 1.00000 1.00000 1.00000 1.00000 1.00000 1.00000 1.00000 1.00000 1.00000 1.00000 1.00000 1.00000 1.00000 1.00000 1.00000 1.00000 1.00000 1.00000 1.00000
0.98201 0.98492 1.00000 0.98990 1.00000 0.99024 1.00000 0.99182 1.00000 1.00000 1.00000 1.00000 1.00000 1.00000 1.00000 1.00000 1.00000 0.99278 1.00000 0.99056 1.00000 0.99024 1.00000 0.98789 0.98461
0.94844 1.00000 1.00000 1.00000 1.00000 1.00000 1.00000 1.00000 1.00000 1.00000 1.00000 1.00000 1.00000 1.00000 1.00000 1.00000 1.00000 1.00000 1.00000 1.00000 1.00000 1.00000 1.00000 1.00000 1.00000
0.97807 0.98175 1.00000 0.98775 1.00000 0.98825 1.00000 0.99014 1.00000 1.00000 1.00000 1.00000 1.00000 1.00000 1.00000 1.00000 1.00000 0.99134 1.00000 0.98871 1.00000 0.98825 1.00000 0.98546 0.98137
0.80545 1.00000 0.98271 1.00000 0.98572 0.98746 1.00000 0.98946 1.00000 0.99249 1.00000 0.99367 1.00000 1.00000 0.99278 1.00000 0.99134 1.00000 0.98784 1.00000 0.98572 0.98746 1.00000 0.98452 1.00000
0.96948 0.97499 1.00000 0.98316 1.00000 0.96969 1.00000 0.97456 1.00000 0.99147 1.00000 0.99284 1.00000 1.00000 1.00000 1.00000 1.00000 0.98784 1.00000 0.98409 1.00000 0.96969 1.00000 0.96252 0.97448
0.69414 1.00000 0.97756 1.00000 0.98138 0.98363 1.00000 0.98619 1.00000 0.99020 1.00000 0.99171 1.00000 1.00000 0.99056 1.00000 0.98871 1.00000 0.98409 1.00000 0.98138 0.98363 1.00000 0.97991 1.00000
0.88652 0.97051 1.00000 0.98009 1.00000 0.96441 1.00000 0.97007 1.00000 0.98997 1.00000 0.99156 1.00000 1.00000 1.00000 1.00000 1.00000 0.98572 1.00000 0.98138 1.00000 0.96441 1.00000 0.95611 0.96990
0.69414 0.97400 0.95690 0.98248 0.96441 0.96644 0.98395 0.97180 0.98785 0.98980 1.00000 0.99143 1.00000 1.00000 0.99024 1.00000 0.98825 0.98746 0.96969 0.98363 0.96441 0.96644 0.98267 0.95857 0.97347
0.91870 1.00000 1.00000 1.00000 1.00000 0.98267 1.00000 0.98553 1.00000 0.98948 1.00000 0.99122 1.00000 1.00000 1.00000 1.00000 1.00000 1.00000 1.00000 1.00000 1.00000 0.98267 1.00000 0.97838 1.00000
0.33037 0.96767 0.94704 0.97815 0.95611 0.95857 0.98034 0.96509 0.98503 0.98738 1.00000 0.98937 1.00000 1.00000 0.98789 1.00000 0.98546 0.98452 0.96252 0.97991 0.95611 0.95857 0.97838 0.94906 0.96701
0.35536 1.00000 0.96333 1.00000 0.96990 0.97347 1.00000 0.97781 1.00000 0.98381 1.00000 0.98647 1.00000 1.00000 0.98461 1.00000 0.98137 1.00000 0.97448 1.00000 0.96990 0.97347 1.00000 0.96701 1.00000
