# name=grid_streets_w8 field=200x200 stride=8
25 25
0.00000 0.14547 0.14148 0.35134 0.35717 0.14055 0.35583 0.35497 0.35134 0.35717 0.14055 0.35583 0.35497 0.35134 0.35717 0.14055 0.35583 0.35497 0.35134 0.35717 0.14055 0.14186 0.14605 0.00000 0.00000
0.14547 0.36090 1.00000 0.95779 0.71507 0.96263 0.93321 0.94019 0.95779 0.71507 0.96263 0.93321 0.94019 0.95779 0.71507 0.96263 0.93321 0.94019 0.95779 0.71507 0.96263 1.00000 0.36314 0.14547 0.00000
0.14148 1.00000 1.00000 0.96554 1.00000 0.96953 1.00000 1.00000 0.96554 1.00000 0.96953 1.00000 1.00000 0.96554 1.00000 0.96953 1.00000 1.00000 0.96554 1.00000 0.96953 1.00000 1.00000 0.14148 0.14148
0.35134 0.95779 0.96554 0.94241 0.96932 0.97535 0.96994 0.97035 0.94241 0.96932 0.97535 0.96994 0.97035 0.94241 0.96932 0.97535 0.96994 0.97035 0.94241 0.96932 0.97535 0.96445 0.95700 0.14068 0.14068
0.35717 0.71507 1.00000 0.96932 1.00000 0.97290 0.95095 0.95621 0.96932 1.00000 0.97290 0.95095 0.95621 0.96932 1.00000 0.97290 0.95095 0.95621 0.96932 1.00000 0.97290 1.00000 0.71880 0.35717 0.35717
0.14055 0.96263 0.96953 0.97535 0.97290 0.95051 0.97345 0.97380 0.97535 0.97290 0.95051 0.97345 0.97380 0.97535 0.97290 0.95051 0.97345 0.97380 0.97535 0.97290 0.95051 0.96856 0.96192 0.14055 0.14055
0.35583 0.93321 1.00000 0.96994 0.95095 0.97345 1.00000 1.00000 0.96994 0.95095 0.97345 1.00000 1.00000 0.96994 0.95095 0.97345 1.00000 1.00000 0.96994 0.95095 0.97345 1.00000 0.93200 0.35583 0.14186
0.35497 0.94019 1.00000 0.97035 0.95621 0.97380 1.00000 1.00000 0.97035 0.95621 0.97380 1.00000 1.00000 0.97035 0.95621 0.97380 1.00000 1.00000 0.97035 0.95621 0.97380 1.00000 0.93910 0.35497 0.14148
0.35134 0.95779 0.96554 0.94241 0.96932 0.97535 0.96994 0.97035 0.94241 0.96932 0.97535 0.96994 0.97035 0.94241 0.96932 0.97535 0.96994 0.97035 0.94241 0.96932 0.97535 0.96445 0.95700 0.14068 0.14068
0.35717 0.71507 1.00000 0.96932 1.00000 0.97290 0.95095 0.95621 0.96932 1.00000 0.97290 0.95095 0.95621 0.96932 1.00000 0.97290 0.95095 0.95621 0.96932 1.00000 0.97290 1.00000 0.71880 0.35717 0.35717
0.14055 0.96263 0.96953 0.97535 0.97290 0.95051 0.97345 0.97380 0.97535 0.97290 0.95051 0.97345 0.97380 0.97535 0.97290 0.95051 0.97345 0.97380 0.97535 0.97290 0.95051 0.96856 0.96192 0.14055 0.14055
0.35583 0.93321 1.00000 0.96994 0.95095 0.97345 1.00000 1.00000 0.96994 0.95095 0.97345 1.00000 1.00000 0.96994 0.95095 0.97345 1.00000 1.00000 0.96994 0.95095 0.97345 1.00000 0.93200 0.35583 0.14186
0.35497 0.94019 1.00000 0.97035 0.95621 0.97380 1.00000 1.00000 0.97035 0.95621 0.97380 1.00000 1.00000 0.97035 0.95621 0.97380 1.00000 1.00000 0.97035 0.95621 0.97380 1.00000 0.93910 0.35497 0.14148
0.35134 0.95779 0.96554 0.94241 0.96932 0.97535 0.96994 0.97035 0.94241 0.96932 0.97535 0.96994 0.97035 0.94241 0.96932 0.97535 0.96994 0.97035 0.94241 0.96932 0.97535 0.96445 0.95700 0.14068 0.14068
0.35717 0.71507 1.00000 0.96932 1.00000 0.97290 0.95095 0.95621 0.96932 1.00000 0.97290 0.95095 0.95621 0.96932 1.00000 0.97290 0.95095 0.95621 0.96932 1.00000 0.97290 1.00000 0.71880 0.35717 0.35717
0.14055 0.96263 0.96953 0.97535 0.97290 0.95051 0.97345 0.97380 0.97535 0.97290 0.95051 0.97345 0.97380 0.97535 0.97290 0.95051 0.97345 0.97380 0.97535 0.97290 0.95051 0.96856 0.96192 0.14055 0.14055
0.35583 0.93321 1.00000 0.96994 0.95095 0.97345 1.00000 1.00000 0.96994 0.95095 0.97345 1.00000 1.00000 0.96994 0.95095 0.97345 1.00000 1.00000 0.96994 0.95095 0.97345 1.00000 0.93200 0.35583 0.14186
0.35497 0.94019 1.00000 0.97035 0.95621 0.97380 1.00000 1.00000 0.97035 0.95621 0.97380 1.00000 1.00000 0.97035 0.95621 0.97380 1.00000 1.00000 0.97035 0.95621 0.97380 1.00000 0.93910 0.35497 0.14148
0.35134 0.95779 0.96554 0.94241 0.96932 0.97535 0.96994 0.97035 0.94241 0.96932 0.97535 0.96994 0.97035 0.94241 0.96932 0.97535 0.96994 0.97035 0.94241 0.96932 0.97535 0.96445 0.95700 0.14068 0.14068
0.35717 0.71507 1.00000 0.96932 1.00000 0.97290 0.95095 0.95621 0.96932 1.00000 0.97290 0.95095 0.95621 0.96932 1.00000 0.97290 0.95095 0.95621 0.96932 1.00000 0.97290 1.00000 0.71880 0.35717 0.35717
0.14055 0.96263 0.96953 0.97535 0.97290 0.95051 0.97345 0.97380 0.97535 0.97290 0.95051 0.97345 0.97380 0.97535 0.97290 0.95051 0.97345 0.97380 0.97535 0.97290 0.95051 0.96856 0.96192 0.14055 0.14055
0.14186 1.00000 1.00000 0.96445 1.00000 0.96856 1.00000 1.00000 0.96445 1.00000 0.96856 1.00000 1.00000 0.96445 1.00000 0.96856 1.00000 1.00000 0.96445 1.00000 0.96856 1.00000 1.00000 0.14186 0.14186
0.14605 0.36314 1.00000 0.95700 0.71880 0.96192 0.93200 0.93910 0.95700 0.71880 0.96192 0.93200 0.93910 0.95700 0.71880 0.96192 0.93200 0.93910 0.95700 0.71880 0.96192 1.00000 0.36548 0.14605 0.00000
0.00000 0.14547 0.14148 0.14068 0.35717 0.14055 0.35583 0.35497 0.14068 0.35717 0.14055 0.35583 0.35497 0.14068 0.35717 0.14055 0.35583 0.35497 0.14068 0.35717 0.14055 0.14186 0.14605 0.00000 0.00000
0.00000 0.00000 0.14148 0.14068 0.35717 0.14055 0.14186 0.14148 0.14068 0.35717 0.14055 0.14186 0.14148 0.14068 0.35717 0.14055 0.14186 0.14148 0.14068 0.35717 0.14055 0.14186 0.00000 0.00000 0.00000
