# name=grid_streets_w3 field=200x200 stride=8
25 25
0.36435 0.34744 0.95097 0.90044 0.88985 0.89217 0.89034 0.59480 0.89051 0.59480 0.89034 0.89217 0.88985 0.88642 0.88903 0.88788 0.88788 0.88903 0.88642 0.88985 0.89217 0.92907 0.33624 0.35674 0.00000
0.34744 1.00000 0.95713 1.00000 0.96095 0.97575 1.00000 0.97863 1.00000 0.97863 1.00000 0.97575 0.96095 0.97256 0.96518 0.96905 0.96905 0.96518 0.97256 0.96095 0.97575 1.00000 0.97126 1.00000 0.15616
0.95097 0.95713 1.00000 1.00000 1.00000 0.98192 1.00000 0.98455 1.00000 0.98455 1.00000 0.98192 1.00000 1.00000 1.00000 1.00000 1.00000 1.00000 1.00000 1.00000 0.98192 1.00000 0.97915 0.95384 0.36904
0.90044 1.00000 1.00000 1.00000 1.00000 0.98371 1.00000 0.98566 1.00000 0.98566 1.00000 0.98371 1.00000 0.98153 1.00000 1.00000 1.00000 1.00000 0.98153 1.00000 0.98371 1.00000 0.98064 1.00000 0.37572
0.88985 0.96095 1.00000 1.00000 1.00000 0.98586 1.00000 1.00000 1.00000 1.00000 1.00000 0.98586 1.00000 1.00000 1.00000 1.00000 1.00000 1.00000 1.00000 1.00000 0.98586 1.00000 1.00000 0.88606 0.69434
0.89217 0.97575 0.98192 0.98371 0.98586 0.96855 1.00000 0.97032 1.00000 0.97032 1.00000 0.96855 0.98586 0.96660 0.98516 0.98489 0.98489 0.98516 0.96660 0.98586 0.96855 1.00000 0.96047 0.97384 0.37600
0.89034 1.00000 1.00000 1.00000 1.00000 1.00000 1.00000 1.00000 1.00000 1.00000 1.00000 1.00000 1.00000 1.00000 1.00000 1.00000 1.00000 1.00000 1.00000 1.00000 1.00000 1.00000 1.00000 0.88731 0.69539
0.59480 0.97863 0.98455 0.98566 1.00000 0.97032 1.00000 0.97213 1.00000 0.97213 1.00000 0.97032 1.00000 0.96835 0.98725 0.96618 0.96618 0.98725 0.96835 1.00000 0.97032 1.00000 0.96282 1.00000 0.37614
0.89051 1.00000 1.00000 1.00000 1.00000 1.00000 1.00000 1.00000 1.00000 1.00000 1.00000 1.00000 1.00000 1.00000 1.00000 1.00000 1.00000 1.00000 1.00000 1.00000 1.00000 1.00000 1.00000 0.88773 0.69575
0.59480 0.97863 0.98455 0.98566 1.00000 0.97032 1.00000 0.97213 1.00000 0.97213 1.00000 0.97032 1.00000 0.96835 0.98725 0.96618 0.96618 0.98725 0.96835 1.00000 0.97032 1.00000 0.96282 1.00000 0.37614
0.89034 1.00000 1.00000 1.00000 1.00000 1.00000 1.00000 1.00000 1.00000 1.00000 1.00000 1.00000 1.00000 1.00000 1.00000 1.00000 1.00000 1.00000 1.00000 1.00000 1.00000 1.00000 1.00000 0.88731 0.69539
0.89217 0.97575 0.98192 0.98371 0.98586 0.96855 1.00000 0.97032 1.00000 0.97032 1.00000 0.96855 0.98586 0.96660 0.98516 0.98489 0.98489 0.98516 0.96660 0.98586 0.96855 1.00000 0.96047 0.97384 0.37600
0.88985 0.96095 1.00000 1.00000 1.00000 0.98586 1.00000 1.00000 1.00000 1.00000 1.00000 0.98586 1.00000 1.00000 1.00000 1.00000 1.00000 1.00000 1.00000 1.00000 0.98586 1.00000 1.00000 0.88606 0.69434
0.88642 0.97256 1.00000 0.98153 1.00000 0.96660 1.00000 0.96835 1.00000 0.96835 1.00000 0.96660 1.00000 0.96470 1.00000 1.00000 1.00000 1.00000 0.96470 1.00000 0.96660 1.00000 0.95789 0.97041 0.37572
0.88903 0.96518 1.00000 1.00000 1.00000 0.98516 1.00000 0.98725 1.00000 0.98725 1.00000 0.98516 1.00000 1.00000 1.00000 1.00000 1.00000 1.00000 1.00000 1.00000 0.98516 1.00000 0.98278 0.96248 0.69261
0.88788 0.96905 1.00000 1.00000 1.00000 0.98489 1.00000 0.96618 1.00000 0.96618 1.00000 0.98489 1.00000 1.00000 1.00000 1.00000 1.00000 1.00000 1.00000 1.00000 0.98489 1.00000 0.95507 0.96663 0.37530
0.88788 0.96905 1.00000 1.00000 1.00000 0.98489 1.00000 0.96618 1.00000 0.96618 1.00000 0.98489 1.00000 1.00000 1.00000 1.00000 1.00000 1.00000 1.00000 1.00000 0.98489 1.00000 0.95507 0.96663 0.37530
0.88903 0.96518 1.00000 1.00000 1.00000 0.98516 1.00000 0.98725 1.00000 0.98725 1.00000 0.98516 1.00000 1.00000 1.00000 1.00000 1.00000 1.00000 1.00000 1.00000 0.98516 1.00000 0.98278 0.96248 0.69261
0.88642 0.97256 1.00000 0.98153 1.00000 0.96660 1.00000 0.96835 1.00000 0.96835 1.00000 0.96660 1.00000 0.96470 1.00000 1.00000 1.00000 1.00000 0.96470 1.00000 0.96660 1.00000 0.95789 0.97041 0.37572
0.88985 0.96095 1.00000 1.00000 1.00000 0.98586 1.00000 1.00000 1.00000 1.00000 1.00000 0.98586 1.00000 1.00000 1.00000 1.00000 1.00000 1.00000 1.00000 1.00000 0.98586 1.00000 1.00000 0.88606 0.69434
0.89217 0.97575 0.98192 0.98371 0.98586 0.96855 1.00000 0.97032 1.00000 0.97032 1.00000 0.96855 0.98586 0.96660 0.98516 0.98489 0.98489 0.98516 0.96660 0.98586 0.96855 1.00000 0.96047 0.97384 0.37600
0.92907 1.00000 1.00000 1.00000 1.00000 1.00000 1.00000 1.00000 1.00000 1.00000 1.00000 1.00000 1.00000 1.00000 1.00000 1.00000 1.00000 1.00000 1.00000 1.00000 1.00000 1.00000 1.00000 0.93310 0.37329
0.33624 0.97126 0.97915 0.98064 1.00000 0.96047 1.00000 0.96282 1.00000 0.96282 1.00000 0.96047 1.00000 0.95789 0.98278 0.95507 0.95507 0.98278 0.95789 1.00000 0.96047 1.00000 0.95074 1.00000 0.15608
0.35674 1.00000 0.95384 1.00000 0.88606 0.97384 0.88731 1.00000 0.88773 1.00000 0.88731 0.97384 0.88606 0.97041 0.96248 0.96663 0.96663 0.96248 0.97041 0.88606 0.97384 0.93310 1.00000 0.35025 0.15626
0.00000 0.15616 0.36904 0.37572 0.69434 0.37600 0.69539 0.37614 0.69575 0.37614 0.69539 0.37600 0.69434 0.37572 0.69261 0.37530 0.37530 0.69261 0.37572 0.69434 0.37600 0.37329 0.15608 0.15626 0.00000
