# name=grid_streets_w8 field=200x200 stride=8
25 25
0.00000 0.00000 0.00000 0.00000 0.00000 0.00000 0.00000 0.00000 0.00000 0.00000 0.00000 0.00000 0.00000 0.00000 0.00000 0.00000 0.23452 0.31118 0.57795 0.62507 0.66667 0.66667 0.66667 0.44444 0.44444
0.00000 0.36090 1.00000 0.95779 0.32224 0.96263 0.93321 0.94019 0.95779 0.32224 0.96263 0.93321 0.94019 0.95779 0.32224 0.96263 1.00000 0.95559 1.00000 0.94763 0.98078 1.00000 1.00000 0.66667 0.44444
0.00000 1.00000 1.00000 0.96554 1.00000 0.96953 1.00000 1.00000 0.96554 1.00000 0.96953 1.00000 1.00000 0.96554 1.00000 0.96953 1.00000 1.00000 1.00000 1.00000 0.98441 1.00000 1.00000 0.66667 0.66667
0.00000 0.95779 0.96554 0.94241 0.96932 0.97535 0.96994 0.97035 0.94241 0.96932 0.97535 0.96994 0.97035 0.94241 0.96932 0.97535 0.97396 0.97737 1.00000 1.00000 0.98744 1.00000 1.00000 0.66667 0.66667
0.00000 0.32224 1.00000 0.96932 1.00000 0.97290 0.95095 0.95621 0.96932 1.00000 0.97290 0.95095 0.95621 0.96932 1.00000 0.97290 1.00000 0.96769 1.00000 1.00000 0.98617 1.00000 1.00000 0.66667 0.66667
0.00000 0.96263 0.96953 0.97535 0.97290 0.95051 0.97345 0.97380 0.97535 0.97290 0.95051 0.97345 0.97380 0.97535 0.97290 0.95051 0.97702 0.98003 1.00000 1.00000 0.98723 1.00000 1.00000 0.66667 0.66667
0.00000 0.93321 1.00000 0.96994 0.95095 0.97345 1.00000 1.00000 0.96994 0.95095 0.97345 1.00000 1.00000 0.96994 0.95095 0.97345 1.00000 1.00000 1.00000 1.00000 0.98646 1.00000 1.00000 0.66667 0.66667
0.00000 0.94019 1.00000 0.97035 0.95621 0.97380 1.00000 1.00000 0.97035 0.95621 0.97380 1.00000 1.00000 0.97035 0.95621 0.97380 1.00000 1.00000 1.00000 1.00000 0.98664 1.00000 1.00000 0.66667 0.66667
0.00000 0.95779 0.96554 0.94241 0.96932 0.97535 0.96994 0.97035 0.94241 0.96932 0.97535 0.96994 0.97035 0.94241 0.96932 0.97535 0.97396 0.97737 1.00000 1.00000 0.98744 1.00000 1.00000 0.66667 0.66667
0.00000 0.32224 1.00000 0.96932 1.00000 0.97290 0.95095 0.95621 0.96932 1.00000 0.97290 0.95095 0.95621 0.96932 1.00000 0.97290 1.00000 0.96769 1.00000 1.00000 0.98617 1.00000 1.00000 0.66667 0.66667
0.00000 0.96263 0.96953 0.97535 0.97290 0.95051 0.97345 0.97380 0.97535 0.97290 0.95051 0.97345 0.97380 0.97535 0.97290 0.95051 0.97702 0.98003 1.00000 1.00000 0.98723 1.00000 1.00000 0.66667 0.66667
0.00000 0.93321 1.00000 0.96994 0.95095 0.97345 1.00000 1.00000 0.96994 0.95095 0.97345 1.00000 1.00000 0.96994 0.95095 0.97345 1.00000 1.00000 1.00000 1.00000 0.98646 1.00000 1.00000 0.66667 0.66667
0.00000 0.94019 1.00000 0.97035 0.95621 0.97380 1.00000 1.00000 0.97035 0.95621 0.97380 1.00000 1.00000 0.97035 0.95621 0.97380 1.00000 1.00000 1.00000 1.00000 0.98664 1.00000 1.00000 0.66667 0.66667
0.00000 0.95779 0.96554 0.94241 0.96932 0.97535 0.96994 0.97035 0.94241 0.96932 0.97535 0.96994 0.97035 0.94241 0.96932 0.97535 0.97396 0.97737 1.00000 1.00000 0.98744 1.00000 1.00000 0.66667 0.66667
0.00000 0.32224 1.00000 0.96932 1.00000 0.97290 0.95095 0.95621 0.96932 1.00000 0.97290 0.95095 0.95621 0.96932 1.00000 0.97290 1.00000 0.96769 1.00000 1.00000 0.98617 1.00000 1.00000 0.66667 0.66667
0.00000 0.96263 0.96953 0.97535 0.97290 0.95051 0.97345 0.97380 0.97535 0.97290 0.95051 0.97345 0.97380 0.97535 0.97290 0.95051 0.97702 0.98003 1.00000 1.00000 0.98723 1.00000 1.00000 0.66667 0.66667
0.23452 1.00000 1.00000 0.97396 1.00000 0.97702 1.00000 1.00000 0.97396 1.00000 0.97702 1.00000 1.00000 0.97396 1.00000 0.97702 1.00000 1.00000 1.00000 1.00000 0.98831 1.00000 1.00000 0.66667 0.66667
0.31118 0.95559 1.00000 0.97737 0.96769 0.98003 1.00000 1.00000 0.97737 0.96769 0.98003 1.00000 1.00000 0.97737 0.96769 0.98003 1.00000 1.00000 1.00000 1.00000 0.98987 1.00000 1.00000 0.66667 0.66667
0.57795 1.00000 1.00000 1.00000 1.00000 1.00000 1.00000 1.00000 1.00000 1.00000 1.00000 1.00000 1.00000 1.00000 1.00000 1.00000 1.00000 1.00000 1.00000 1.00000 1.00000 1.00000 1.00000 0.66667 0.66667
0.62507 0.94763 1.00000 1.00000 1.00000 1.00000 1.00000 1.00000 1.00000 1.00000 1.00000 1.00000 1.00000 1.00000 1.00000 1.00000 1.00000 1.00000 1.00000 1.00000 1.00000 1.00000 1.00000 0.66667 0.66667
0.66667 0.98078 0.98441 0.98744 0.98617 0.98723 0.98646 0.98664 0.98744 0.98617 0.98723 0.98646 0.98664 0.98744 0.98617 0.98723 0.98831 0.98987 1.00000 1.00000 1.00000 1.00000 1.00000 0.66667 0.66667
0.66667 1.00000 1.00000 1.00000 1.00000 1.00000 1.00000 1.00000 1.00000 1.00000 1.00000 1.00000 1.00000 1.00000 1.00000 1.00000 1.00000 1.00000 1.00000 1.00000 1.00000 1.00000 1.00000 0.66667 0.66667
0.66667 1.00000 1.00000 1.00000 1.00000 1.00000 1.00000 1.00000 1.00000 1.00000 1.00000 1.00000 1.00000 1.00000 1.00000 1.00000 1.00000 1.00000 1.00000 1.00000 1.00000 1.00000 1.00000 0.66667 0.44444
0.44444 0.66667 0.66667 0.66667 0.66667 0.66667 0.66667 0.66667 0.66667 0.66667 0.66667 0.66667 0.66667 0.66667 0.66667 0.66667 0.66667 0.66667 0.66667 0.66667 0.66667 0.66667 0.66667 0.44444 0.44444
0.44444 0.44444 0.66667 0.66667 0.66667 0.66667 0.66667 0.66667 0.66667 0.66667 0.66667 0.66667 0.66667 0.66667 0.66667 0.66667 0.66667 0.66667 0.66667 0.66667 0.66667 0.66667 0.44444 0.44444 0.44444
