# name=grid_streets_w4 field=200x200 stride=8
25 25
0.37039 0.35272 0.95889 0.30261 0.88652 0.30261 0.88652 0.30261 0.88652 0.30261 0.88652 0.30261 0.88652 0.30261 0.92957 0.55007 0.94721 0.90734 0.96005 1.00000 1.00000 1.00000 1.00000 1.00000 1.00000
0.35272 1.00000 0.96406 1.00000 0.97051 0.97400 0.97051 0.97400 0.97051 0.97400 0.97051 0.97400 0.97051 0.97400 1.00000 0.97826 1.00000 0.98414 1.00000 0.98674 1.00000 1.00000 1.00000 1.00000 1.00000
0.95889 0.96406 1.00000 0.97566 1.00000 0.95690 1.00000 0.95690 1.00000 0.95690 1.00000 0.95690 1.00000 0.95690 1.00000 0.96366 1.00000 0.98782 1.00000 0.98973 1.00000 1.00000 1.00000 1.00000 1.00000
0.30261 1.00000 0.97566 1.00000 0.98009 0.98248 0.98009 0.98248 0.98009 0.98248 0.98009 0.98248 0.98009 0.98248 1.00000 0.98538 1.00000 0.98937 1.00000 0.99113 1.00000 1.00000 1.00000 1.00000 1.00000
0.88652 0.97051 1.00000 0.98009 1.00000 0.96441 1.00000 0.96441 1.00000 0.96441 1.00000 0.96441 1.00000 0.96441 1.00000 0.97007 1.00000 0.98997 1.00000 0.99156 1.00000 1.00000 1.00000 1.00000 1.00000
0.30261 0.97400 0.95690 0.98248 0.96441 0.96644 0.96441 0.96644 0.96441 0.96644 0.96441 0.96644 0.96441 0.96644 0.98395 0.97180 0.98785 0.98980 1.00000 0.99143 1.00000 1.00000 1.00000 1.00000 1.00000
0.88652 0.97051 1.00000 0.98009 1.00000 0.96441 1.00000 0.96441 1.00000 0.96441 1.00000 0.96441 1.00000 0.96441 1.00000 0.97007 1.00000 0.98997 1.00000 0.99156 1.00000 1.00000 1.00000 1.00000 1.00000
0.30261 0.97400 0.95690 0.98248 0.96441 0.96644 0.96441 0.96644 0.96441 0.96644 0.96441 0.96644 0.96441 0.96644 0.98395 0.97180 0.98785 0.98980 1.00000 0.99143 1.00000 1.00000 1.00000 1.00000 1.00000
0.88652 0.97051 1.00000 0.98009 1.00000 0.96441 1.00000 0.96441 1.00000 0.96441 1.00000 0.96441 1.00000 0.96441 1.00000 0.97007 1.00000 0.98997 1.00000 0.99156 1.00000 1.00000 1.00000 1.00000 1.00000
0.30261 0.97400 0.95690 0.98248 0.96441 0.96644 0.96441 0.96644 0.96441 0.96644 0.96441 0.96644 0.96441 0.96644 0.98395 0.97180 0.98785 0.98980 1.00000 0.99143 1.00000 1.00000 1.00000 1.00000 1.00000
0.88652 0.97051 1.00000 0.98009 1.00000 0.96441 1.00000 0.96441 1.00000 0.96441 1.00000 0.96441 1.00000 0.96441 1.00000 0.97007 1.00000 0.98997 1.00000 0.99156 1.00000 1.00000 1.00000 1.00000 1.00000
0.30261 0.97400 0.95690 0.98248 0.96441 0.96644 0.96441 0.96644 0.96441 0.96644 0.96441 0.96644 0.96441 0.96644 0.98395 0.97180 0.98785 0.98980 1.00000 0.99143 1.00000 1.00000 1.00000 1.00000 1.00000
0.88652 0.97051 1.00000 0.98009 1.00000 0.96441 1.00000 0.96441 1.00000 0.96441 1.00000 0.96441 1.00000 0.96441 1.00000 0.97007 1.00000 0.98997 1.00000 0.99156 1.00000 1.00000 1.00000 1.00000 1.00000
0.30261 0.97400 0.95690 0.98248 0.96441 0.96644 0.96441 0.96644 0.96441 0.96644 0.96441 0.96644 0.96441 0.96644 0.98395 0.97180 0.98785 0.98980 1.00000 0.99143 1.00000 1.00000 1.00000 1.00000 1.00000
0.92957 1.00000 1.00000 1.00000 1.00000 0.98395 1.00000 0.98395 1.00000 0.98395 1.00000 0.98395 1.00000 0.98395 1.00000 0.98644 1.00000 0.99041 1.00000 0.99188 1.00000 1.00000 1.00000 1.00000 1.00000
0.55007 0.97826 0.96366 0.98538 0.97007 0.97180 0.97007 0.97180 0.97007 0.97180 0.97007 0.97180 0.97007 0.97180 0.98644 0.97634 0.98978 0.99145 1.00000 0.99282 1.00000 1.00000 1.00000 1.00000 1.00000
0.94721 1.00000 1.00000 1.00000 1.00000 0.98785 1.00000 0.98785 1.00000 0.98785 1.00000 0.98785 1.00000 0.98785 1.00000 0.98978 1.00000 0.99273 1.00000 0.99387 1.00000 1.00000 1.00000 1.00000 1.00000
0.90734 0.98414 0.98782 0.98937 0.98997 0.98980 0.98997 0.98980 0.98997 0.98980 0.98997 0.98980 0.98997 0.98980 0.99041 0.99145 0.99273 1.00000 1.00000 1.00000 1.00000 1.00000 1.00000 1.00000 1.00000
0.96005 1.00000 1.00000 1.00000 1.00000 1.00000 1.00000 1.00000 1.00000 1.00000 1.00000 1.00000 1.00000 1.00000 1.00000 1.00000 1.00000 1.00000 1.00000 1.00000 1.00000 1.00000 1.00000 1.00000 1.00000
1.00000 0.98674 0.98973 0.99113 0.99156 0.99143 0.99156 0.99143 0.99156 0.99143 0.99156 0.99143 0.99156 0.99143 0.99188 0.99282 0.99387 1.00000 1.00000 1.00000 1.00000 1.00000 1.00000 1.00000 1.00000
1.00000 1.00000 1.00000 1.00000 1.00000 1.00000 1.00000 1.00000 1.00000 1.00000 1.00000 1.00000 1.00000 1.00000 1.00000 1.00000 1.00000 1.00000 1.00000 1.00000 1.00000 1.00000 1.00000 1.00000 1.00000
1.00000 1.00000 1.00000 1.00000 1.00000 1.00000 1.00000 1.00000 1.00000 1.00000 1.00000 1.00000 1.00000 1.00000 1.00000 1.00000 1.00000 1.00000 1.00000 1.00000 1.00000 1.00000 1.00000 1.00000 1.00000
1.00000 1.00000 1.00000 1.00000 1.00000 1.00000 1.00000 1.00000 1.00000 1.00000 1.00000 1.00000 1.00000 1.00000 1.00000 1.00000 1.00000 1.00000 1.00000 1.00000 1.00000 1.00000 1.00000 1.00000 1.00000
1.00000 1.00000 1.00000 1.00000 1.00000 1.00000 1.00000 1.00000 1.00000 1.00000 1.00000 1.00000 1.00000 1.00000 1.00000 1.00000 1.00000 1.00000 1.00000 1.00000 1.00000 1.00000 1.00000 1.00000 1.00000
1.00000 1.00000 1.00000 1.00000 1.00000 1.00000 1.00000 1.00000 1.00000 1.00000 1.00000 1.00000 1.00000 1.00000 1.00000 1.00000 1.00000 1.00000 1.00000 1.00000 1.00000 1.00000 1.00000 1.00000 1.00000
