# name=grid_streets_w6 field=200x200 stride=8
25 25
0.00000 0.36366 0.33450 0.00000 0.31349 0.00000 0.31471 0.00000 0.31430 0.00000 0.31227 0.31066 0.00000 0.31349 0.20878 0.58322 0.53924 0.92498 0.64163 1.00000 1.00000 0.66667 1.00000 0.44444 0.44444
0.36366 0.35025 1.00000 0.94050 1.00000 0.92225 1.00000 0.92313 1.00000 0.92051 0.92704 0.93403 0.94050 1.00000 0.97137 1.00000 0.97330 1.00000 0.97374 1.00000 1.00000 1.00000 1.00000 1.00000 0.66667
0.33450 1.00000 1.00000 1.00000 1.00000 0.97545 1.00000 0.97204 1.00000 0.97852 1.00000 1.00000 1.00000 1.00000 0.97807 1.00000 1.00000 1.00000 1.00000 1.00000 1.00000 1.00000 1.00000 1.00000 0.66667
0.00000 0.94050 1.00000 1.00000 1.00000 0.97935 1.00000 0.97650 1.00000 1.00000 1.00000 1.00000 1.00000 1.00000 0.98130 1.00000 1.00000 1.00000 1.00000 1.00000 1.00000 1.00000 1.00000 1.00000 0.66667
0.31349 1.00000 1.00000 1.00000 1.00000 0.97846 1.00000 0.94530 1.00000 0.98112 1.00000 1.00000 1.00000 1.00000 0.98039 1.00000 0.98087 1.00000 1.00000 1.00000 1.00000 1.00000 1.00000 1.00000 0.66667
0.00000 0.92225 0.97545 0.97935 0.97846 0.96228 0.94418 0.98222 0.94434 0.97976 0.97870 0.97900 0.97935 0.97846 0.96577 0.95482 0.98793 1.00000 1.00000 1.00000 1.00000 1.00000 1.00000 1.00000 0.66667
0.31471 1.00000 1.00000 1.00000 1.00000 0.94418 1.00000 0.94483 1.00000 0.94288 1.00000 1.00000 1.00000 1.00000 0.97882 1.00000 0.98070 1.00000 0.98125 1.00000 1.00000 1.00000 1.00000 1.00000 0.66667
0.00000 0.92313 0.97204 0.97650 0.94530 0.98222 0.94483 1.00000 0.94499 1.00000 0.94578 0.97611 0.97650 0.94530 0.98384 0.95535 1.00000 1.00000 1.00000 1.00000 1.00000 1.00000 1.00000 1.00000 0.66667
0.31430 1.00000 1.00000 1.00000 1.00000 0.94434 1.00000 0.94499 1.00000 0.98095 1.00000 1.00000 1.00000 1.00000 0.97887 1.00000 0.98076 1.00000 1.00000 1.00000 1.00000 1.00000 1.00000 1.00000 0.66667
0.00000 0.92051 0.97852 1.00000 0.98112 0.97976 0.94288 1.00000 0.98095 1.00000 0.98133 0.98160 1.00000 0.98112 0.98169 0.95375 1.00000 1.00000 1.00000 1.00000 1.00000 1.00000 1.00000 1.00000 0.66667
0.31227 0.92704 1.00000 1.00000 1.00000 0.97870 1.00000 0.94578 1.00000 0.98133 1.00000 1.00000 1.00000 1.00000 0.98064 1.00000 0.98103 1.00000 1.00000 1.00000 1.00000 1.00000 1.00000 1.00000 0.66667
0.31066 0.93403 1.00000 1.00000 1.00000 0.97900 1.00000 0.97611 1.00000 0.98160 1.00000 1.00000 1.00000 1.00000 0.98095 1.00000 1.00000 1.00000 1.00000 1.00000 1.00000 1.00000 1.00000 1.00000 0.66667
0.00000 0.94050 1.00000 1.00000 1.00000 0.97935 1.00000 0.97650 1.00000 1.00000 1.00000 1.00000 1.00000 1.00000 0.98130 1.00000 1.00000 1.00000 1.00000 1.00000 1.00000 1.00000 1.00000 1.00000 0.66667
0.31349 1.00000 1.00000 1.00000 1.00000 0.97846 1.00000 0.94530 1.00000 0.98112 1.00000 1.00000 1.00000 1.00000 0.98039 1.00000 0.98087 1.00000 1.00000 1.00000 1.00000 1.00000 1.00000 1.00000 0.66667
0.20878 0.97137 0.97807 0.98130 0.98039 0.96577 0.97882 0.98384 0.97887 0.98169 0.98064 0.98095 0.98130 0.98039 0.96867 0.98260 0.98904 1.00000 1.00000 1.00000 1.00000 1.00000 1.00000 1.00000 0.66667
0.58322 1.00000 1.00000 1.00000 1.00000 0.95482 1.00000 0.95535 1.00000 0.95375 1.00000 1.00000 1.00000 1.00000 0.98260 1.00000 0.98433 1.00000 0.98486 1.00000 1.00000 1.00000 1.00000 1.00000 0.66667
0.53924 0.97330 1.00000 1.00000 0.98087 0.98793 0.98070 1.00000 0.98076 1.00000 0.98103 1.00000 1.00000 0.98087 0.98904 0.98433 1.00000 1.00000 1.00000 1.00000 1.00000 1.00000 1.00000 1.00000 0.66667
0.92498 1.00000 1.00000 1.00000 1.00000 1.00000 1.00000 1.00000 1.00000 1.00000 1.00000 1.00000 1.00000 1.00000 1.00000 1.00000 1.00000 1.00000 1.00000 1.00000 1.00000 1.00000 1.00000 1.00000 0.66667
0.64163 0.97374 1.00000 1.00000 1.00000 1.00000 0.98125 1.00000 1.00000 1.00000 1.00000 1.00000 1.00000 1.00000 1.00000 0.98486 1.00000 1.00000 1.00000 1.00000 1.00000 1.00000 1.00000 1.00000 0.66667
1.00000 1.00000 1.00000 1.00000 1.00000 1.00000 1.00000 1.00000 1.00000 1.00000 1.00000 1.00000 1.00000 1.00000 1.00000 1.00000 1.00000 1.00000 1.00000 1.00000 1.00000 1.00000 1.00000 1.00000 0.66667
1.00000 1.00000 1.00000 1.00000 1.00000 1.00000 1.00000 1.00000 1.00000 1.00000 1.00000 1.00000 1.00000 1.00000 1.00000 1.00000 1.00000 1.00000 1.00000 1.00000 1.00000 1.00000 1.00000 1.00000 0.66667
0.66667 1.00000 1.00000 1.00000 1.00000 1.00000 1.00000 1.00000 1.00000 1.00000 1.00000 1.00000 1.00000 1.00000 1.00000 1.00000 1.00000 1.00000 1.00000 1.00000 1.00000 1.00000 1.00000 1.00000 0.66667
1.00000 1.00000 1.00000 1.00000 1.00000 1.00000 1.00000 1.00000 1.00000 1.00000 1.00000 1.00000 1.00000 1.00000 1.00000 1.00000 1.00000 1.00000 1.00000 1.00000 1.00000 1.00000 1.00000 1.00000 0.66667
0.44444 1.00000 1.00000 1.00000 1.00000 1.00000 1.00000 1.00000 1.00000 1.00000 1.00000 1.00000 1.00000 1.00000 1.00000 1.00000 1.00000 1.00000 1.00000 1.00000 1.00000 1.00000 1.00000 0.44444 0.44444
0.44444 0.66667 0.66667 0.66667 0.66667 0.66667 0.66667 0.66667 0.66667 0.66667 0.66667 0.66667 0.66667 0.66667 0.66667 0.66667 0.66667 0.66667 0.66667 0.66667 0.66667 0.66667 0.66667 0.44444 0.44444
