# name=grid_streets_w5 field=200x200 stride=8
25 25
0.00000 0.35814 0.33042 0.30582 0.30727 0.30404 0.30835 0.29097 0.30908 0.28712 0.30945 0.90286 0.30945 0.28712 0.30908 0.48726 0.55973 0.60666 0.90874 0.95540 1.00000 1.00000 1.00000 1.00000 0.66667
0.35814 1.00000 0.97040 1.00000 1.00000 0.91009 1.00000 0.91223 1.00000 0.91352 1.00000 0.91395 1.00000 0.91352 1.00000 0.95061 1.00000 0.95917 1.00000 1.00000 0.98750 1.00000 1.00000 1.00000 1.00000
0.33042 0.97040 0.95454 0.98004 0.97982 0.97722 0.97964 0.97408 0.97953 1.00000 0.97947 1.00000 0.97947 1.00000 0.97953 1.00000 0.98309 1.00000 1.00000 1.00000 0.99026 1.00000 1.00000 1.00000 1.00000
0.30582 1.00000 0.98004 1.00000 1.00000 0.98060 1.00000 0.97797 1.00000 1.00000 1.00000 1.00000 1.00000 1.00000 1.00000 1.00000 1.00000 1.00000 1.00000 1.00000 0.99138 1.00000 1.00000 1.00000 1.00000
0.30727 1.00000 0.97982 1.00000 1.00000 0.98033 1.00000 0.97767 1.00000 1.00000 1.00000 1.00000 1.00000 1.00000 1.00000 1.00000 1.00000 1.00000 1.00000 1.00000 0.99155 1.00000 1.00000 1.00000 1.00000
0.30404 0.91009 0.97722 0.98060 0.98033 0.96358 0.98077 0.98264 0.98066 0.98318 0.98060 1.00000 0.98060 0.98318 0.98066 0.98381 0.98403 0.98682 1.00000 1.00000 1.00000 1.00000 1.00000 1.00000 1.00000
0.30835 1.00000 0.97964 1.00000 1.00000 0.98077 1.00000 0.97742 1.00000 0.97445 1.00000 1.00000 1.00000 0.97445 1.00000 1.00000 1.00000 1.00000 1.00000 1.00000 0.99147 1.00000 1.00000 1.00000 1.00000
0.29097 0.91223 0.97408 0.97797 0.97767 0.98264 0.97742 1.00000 0.97798 1.00000 0.97791 1.00000 0.97791 1.00000 0.97798 1.00000 0.98085 1.00000 1.00000 1.00000 1.00000 1.00000 1.00000 1.00000 1.00000
0.30908 1.00000 0.97953 1.00000 1.00000 0.98066 1.00000 0.97798 1.00000 0.97425 1.00000 1.00000 1.00000 0.97425 1.00000 1.00000 1.00000 1.00000 1.00000 1.00000 0.99142 1.00000 1.00000 1.00000 1.00000
0.28712 0.91352 1.00000 1.00000 1.00000 0.98318 0.97445 1.00000 0.97425 1.00000 0.97411 1.00000 0.97411 1.00000 0.97425 1.00000 0.97835 1.00000 1.00000 1.00000 1.00000 1.00000 1.00000 1.00000 1.00000
0.30945 1.00000 0.97947 1.00000 1.00000 0.98060 1.00000 0.97791 1.00000 0.97411 1.00000 0.93872 1.00000 0.97411 1.00000 1.00000 1.00000 1.00000 1.00000 1.00000 0.99140 1.00000 1.00000 1.00000 1.00000
0.90286 0.91395 1.00000 1.00000 1.00000 1.00000 1.00000 1.00000 1.00000 1.00000 0.93872 1.00000 0.93872 1.00000 1.00000 1.00000 1.00000 1.00000 1.00000 1.00000 1.00000 1.00000 1.00000 1.00000 1.00000
0.30945 1.00000 0.97947 1.00000 1.00000 0.98060 1.00000 0.97791 1.00000 0.97411 1.00000 0.93872 1.00000 0.97411 1.00000 1.00000 1.00000 1.00000 1.00000 1.00000 0.99140 1.00000 1.00000 1.00000 1.00000
0.28712 0.91352 1.00000 1.00000 1.00000 0.98318 0.97445 1.00000 0.97425 1.00000 0.97411 1.00000 0.97411 1.00000 0.97425 1.00000 0.97835 1.00000 1.00000 1.00000 1.00000 1.00000 1.00000 1.00000 1.00000
0.30908 1.00000 0.97953 1.00000 1.00000 0.98066 1.00000 0.97798 1.00000 0.97425 1.00000 1.00000 1.00000 0.97425 1.00000 1.00000 1.00000 1.00000 1.00000 1.00000 0.99142 1.00000 1.00000 1.00000 1.00000
0.48726 0.95061 1.00000 1.00000 1.00000 0.98381 1.00000 1.00000 1.00000 1.00000 1.00000 1.00000 1.00000 1.00000 1.00000 1.00000 1.00000 1.00000 1.00000 1.00000 1.00000 1.00000 1.00000 1.00000 1.00000
0.55973 1.00000 0.98309 1.00000 1.00000 0.98403 1.00000 0.98085 1.00000 0.97835 1.00000 1.00000 1.00000 0.97835 1.00000 1.00000 1.00000 1.00000 1.00000 1.00000 0.99294 1.00000 1.00000 1.00000 1.00000
0.60666 0.95917 1.00000 1.00000 1.00000 0.98682 1.00000 1.00000 1.00000 1.00000 1.00000 1.00000 1.00000 1.00000 1.00000 1.00000 1.00000 1.00000 1.00000 1.00000 1.00000 1.00000 1.00000 1.00000 1.00000
0.90874 1.00000 1.00000 1.00000 1.00000 1.00000 1.00000 1.00000 1.00000 1.00000 1.00000 1.00000 1.00000 1.00000 1.00000 1.00000 1.00000 1.00000 1.00000 1.00000 1.00000 1.00000 1.00000 1.00000 1.00000
0.95540 1.00000 1.00000 1.00000 1.00000 1.00000 1.00000 1.00000 1.00000 1.00000 1.00000 1.00000 1.00000 1.00000 1.00000 1.00000 1.00000 1.00000 1.00000 1.00000 1.00000 1.00000 1.00000 1.00000 1.00000
1.00000 0.98750 0.99026 0.99138 0.99155 1.00000 0.99147 1.00000 0.99142 1.00000 0.99140 1.00000 0.99140 1.00000 0.99142 1.00000 0.99294 1.00000 1.00000 1.00000 1.00000 1.00000 1.00000 1.00000 1.00000
1.00000 1.00000 1.00000 1.00000 1.00000 1.00000 1.00000 1.00000 1.00000 1.00000 1.00000 1.00000 1.00000 1.00000 1.00000 1.00000 1.00000 1.00000 1.00000 1.00000 1.00000 1.00000 1.00000 1.00000 1.00000
1.00000 1.00000 1.00000 1.00000 1.00000 1.00000 1.00000 1.00000 1.00000 1.00000 1.00000 1.00000 1.00000 1.00000 1.00000 1.00000 1.00000 1.00000 1.00000 1.00000 1.00000 1.00000 1.00000 1.00000 1.00000
1.00000 1.00000 1.00000 1.00000 1.00000 1.00000 1.00000 1.00000 1.00000 1.00000 1.00000 1.00000 1.00000 1.00000 1.00000 1.00000 1.00000 1.00000 1.00000 1.00000 1.00000 1.00000 1.00000 1.00000 1.00000
0.66667 1.00000 1.00000 1.00000 1.00000 1.00000 1.00000 1.00000 1.00000 1.00000 1.00000 1.00000 1.00000 1.00000 1.00000 1.00000 1.00000 1.00000 1.00000 1.00000 1.00000 1.00000 1.00000 1.00000 1.00000
