# name=grid_streets_w1 field=200x200 stride=8
25 25
0.35241 1.00000 0.93400 0.96883 0.86073 0.98438 0.92588 0.83881 0.89612 0.83850 0.92378 0.96208 0.86110 0.96160 0.92341 0.89409 0.93441 0.92793 0.97759 0.99196 1.00000 1.00000 1.00000 1.00000 1.00000
1.00000 0.94566 0.97963 0.95585 1.00000 0.94944 0.93620 0.94916 0.90113 0.93968 0.94002 0.94843 1.00000 0.94796 0.95461 0.94479 0.93454 0.96421 0.96967 0.99016 1.00000 1.00000 1.00000 1.00000 1.00000
0.93400 0.97963 1.00000 1.00000 1.00000 0.98349 0.96411 0.94916 0.94513 0.94959 0.95519 0.98507 1.00000 0.98437 0.96536 0.95321 0.95543 0.96421 0.97842 0.99146 1.00000 1.00000 1.00000 1.00000 1.00000
0.96883 0.95585 1.00000 1.00000 1.00000 0.97015 0.95514 0.94811 0.94569 0.94942 0.95843 0.97020 1.00000 0.96952 0.96742 0.95345 0.95597 0.96339 0.97345 0.99025 1.00000 1.00000 1.00000 1.00000 1.00000
0.86073 1.00000 1.00000 1.00000 1.00000 0.98482 0.96389 0.94916 0.94406 0.95046 0.96487 0.98741 1.00000 0.98563 0.96402 0.95466 0.95439 0.96421 0.97835 0.99219 1.00000 1.00000 1.00000 1.00000 1.00000
0.98438 0.94944 0.98349 0.97015 0.98482 0.94930 0.92961 0.93132 0.92603 0.93203 0.93277 0.96037 0.98603 0.95991 0.94046 0.93659 0.93612 0.94692 0.95593 0.97427 0.98482 0.98136 0.98349 0.98120 0.98438
0.92588 0.93620 0.96411 0.95514 0.96389 0.92961 0.91404 0.91404 0.91039 0.91538 0.91687 0.94027 0.96331 0.93959 0.92385 0.91866 0.92061 0.92898 0.93859 0.95513 0.96389 0.96556 0.96411 0.96529 0.96220
0.83881 0.94916 0.94916 0.94811 0.94916 0.93132 0.91404 0.90090 0.89515 0.90214 0.91537 0.93300 0.94916 0.93214 0.91457 0.90613 0.90463 0.91519 0.92774 0.93953 0.94916 0.94811 0.94916 0.94916 0.94564
0.89612 0.90113 0.94513 0.94569 0.94406 0.92603 0.91039 0.89515 0.89388 0.89637 0.91248 0.92744 0.94406 0.92670 0.91138 0.89966 0.90346 0.90950 0.92463 0.93448 0.94406 0.94569 0.94513 0.94141 0.94448
0.83850 0.93968 0.94959 0.94942 0.95046 0.93203 0.91538 0.90214 0.89637 0.90237 0.91171 0.93420 0.95046 0.93348 0.91792 0.90561 0.90587 0.91644 0.92910 0.94085 0.95046 0.94942 0.94959 0.95174 0.94697
0.92378 0.94002 0.95519 0.95843 0.96487 0.93277 0.91687 0.91537 0.91248 0.91171 0.91971 0.94591 0.96540 0.94277 0.92665 0.91554 0.92285 0.93029 0.94061 0.95730 0.96487 0.96765 0.96551 0.96732 0.96445
0.96208 0.94843 0.98507 0.97020 0.98741 0.96037 0.94027 0.93300 0.92744 0.93420 0.94591 0.97154 0.98739 0.97098 0.95101 0.93872 0.93749 0.94890 0.95831 0.97619 0.98741 0.98304 0.98507 0.98294 0.98649
0.86110 1.00000 1.00000 1.00000 1.00000 0.98603 0.96331 0.94916 0.94406 0.95046 0.96540 0.98739 1.00000 0.98678 0.96456 0.95466 0.95439 0.96421 0.97792 0.99288 1.00000 1.00000 1.00000 1.00000 1.00000
0.96160 0.94796 0.98437 0.96952 0.98563 0.95991 0.93959 0.93214 0.92670 0.93348 0.94277 0.97098 0.98678 0.97043 0.95025 0.93801 0.93675 0.94774 0.95761 0.97553 0.98563 0.98226 0.98437 0.98215 0.98584
0.92341 0.95461 0.96536 0.96742 0.96402 0.94046 0.92385 0.91457 0.91138 0.91792 0.92665 0.95101 0.96456 0.95025 0.93326 0.92110 0.92150 0.92947 0.94082 0.95716 0.96402 0.96742 0.96536 0.96740 0.96359
0.89409 0.94479 0.95321 0.95345 0.95466 0.93659 0.91866 0.90613 0.89966 0.90561 0.91554 0.93872 0.95466 0.93801 0.92110 0.90831 0.90915 0.92049 0.93255 0.94523 0.95466 0.95345 0.95321 0.95572 0.95053
0.93441 0.93454 0.95543 0.95597 0.95439 0.93612 0.92061 0.90463 0.90346 0.90587 0.92285 0.93749 0.95439 0.93675 0.92150 0.90915 0.91316 0.91921 0.93500 0.94456 0.95439 0.95597 0.95543 0.95176 0.95479
0.92793 0.96421 0.96421 0.96339 0.96421 0.94692 0.92898 0.91519 0.90950 0.91644 0.93029 0.94890 0.96421 0.94774 0.92947 0.92049 0.91921 0.92970 0.94292 0.95495 0.96421 0.96339 0.96421 0.96421 0.96145
0.97759 0.96967 0.97842 0.97345 0.97835 0.95593 0.93859 0.92774 0.92463 0.92910 0.94061 0.95831 0.97792 0.95761 0.94082 0.93255 0.93500 0.94292 0.95744 0.96975 0.97835 0.97974 0.97842 0.97941 0.97759
0.99196 0.99016 0.99146 0.99025 0.99219 0.97427 0.95513 0.93953 0.93448 0.94085 0.95730 0.97619 0.99288 0.97553 0.95716 0.94523 0.94456 0.95495 0.96975 0.98180 0.99219 0.99025 0.99146 0.99016 0.99196
1.00000 1.00000 1.00000 1.00000 1.00000 0.98482 0.96389 0.94916 0.94406 0.95046 0.96487 0.98741 1.00000 0.98563 0.96402 0.95466 0.95439 0.96421 0.97835 0.99219 1.00000 1.00000 1.00000 1.00000 1.00000
1.00000 1.00000 1.00000 1.00000 1.00000 0.98136 0.96556 0.94811 0.94569 0.94942 0.96765 0.98304 1.00000 0.98226 0.96742 0.95345 0.95597 0.96339 0.97974 0.99025 1.00000 1.00000 1.00000 1.00000 1.00000
1.00000 1.00000 1.00000 1.00000 1.00000 0.98349 0.96411 0.94916 0.94513 0.94959 0.96551 0.98507 1.00000 0.98437 0.96536 0.95321 0.95543 0.96421 0.97842 0.99146 1.00000 1.00000 1.00000 1.00000 1.00000
1.00000 1.00000 1.00000 1.00000 1.00000 0.98120 0.96529 0.94916 0.94141 0.95174 0.96732 0.98294 1.00000 0.98215 0.96740 0.95572 0.95176 0.96421 0.97941 0.99016 1.00000 1.00000 1.00000 1.00000 1.00000
1.00000 1.00000 1.00000 1.00000 1.00000 0.98438 0.96220 0.94564 0.94448 0.94697 0.96445 0.98649 1.00000 0.98584 0.96359 0.95053 0.95479 0.96145 0.97759 0.99196 1.00000 1.00000 1.00000 1.00000 1.00000
