# name=grid_streets_w5 field=200x200 stride=8
25 25
0.00000 0.53721 0.54202 0.71279 0.88159 0.87774 0.88289 0.92937 0.88377 0.96055 0.95469 0.98362 0.96307 0.98448 0.95758 0.96468 0.88289 0.87774 0.88159 0.87986 0.79241 0.89824 0.93644 0.96140 0.64870
0.53721 1.00000 0.97040 1.00000 1.00000 0.98546 1.00000 0.98356 1.00000 1.00000 1.00000 0.98553 1.00000 0.98697 1.00000 1.00000 1.00000 0.98546 1.00000 1.00000 0.98957 1.00000 0.98922 1.00000 1.00000
0.54202 0.97040 0.95454 0.98004 0.97982 0.97752 0.97964 0.97967 0.97953 1.00000 1.00000 1.00000 1.00000 1.00000 1.00000 1.00000 0.97964 0.97752 0.97982 1.00000 0.97547 0.98469 0.99124 1.00000 1.00000
0.71279 1.00000 0.98004 1.00000 1.00000 1.00000 1.00000 1.00000 1.00000 1.00000 1.00000 1.00000 1.00000 1.00000 1.00000 1.00000 1.00000 1.00000 1.00000 1.00000 1.00000 1.00000 1.00000 1.00000 1.00000
0.88159 1.00000 0.97982 1.00000 1.00000 1.00000 1.00000 1.00000 1.00000 1.00000 1.00000 1.00000 1.00000 1.00000 1.00000 1.00000 1.00000 1.00000 1.00000 1.00000 1.00000 1.00000 1.00000 1.00000 1.00000
0.87774 0.98546 0.97752 1.00000 1.00000 1.00000 0.99178 1.00000 0.98880 0.99189 1.00000 1.00000 1.00000 1.00000 1.00000 1.00000 0.99178 1.00000 1.00000 1.00000 1.00000 1.00000 1.00000 1.00000 1.00000
0.88289 1.00000 0.97964 1.00000 1.00000 0.99178 1.00000 1.00000 1.00000 1.00000 1.00000 1.00000 1.00000 1.00000 1.00000 1.00000 1.00000 0.99178 1.00000 1.00000 1.00000 1.00000 1.00000 1.00000 1.00000
0.92937 0.98356 0.97967 1.00000 1.00000 1.00000 1.00000 1.00000 0.98985 1.00000 1.00000 1.00000 1.00000 1.00000 1.00000 1.00000 1.00000 1.00000 1.00000 1.00000 1.00000 1.00000 1.00000 1.00000 1.00000
0.88377 1.00000 0.97953 1.00000 1.00000 0.98880 1.00000 0.98985 1.00000 0.97757 1.00000 1.00000 1.00000 1.00000 1.00000 1.00000 1.00000 0.99108 1.00000 1.00000 1.00000 1.00000 1.00000 1.00000 1.00000
0.96055 1.00000 1.00000 1.00000 1.00000 0.99189 1.00000 1.00000 0.97757 1.00000 0.98245 1.00000 1.00000 1.00000 1.00000 1.00000 1.00000 1.00000 1.00000 1.00000 1.00000 1.00000 1.00000 1.00000 1.00000
0.95469 1.00000 1.00000 1.00000 1.00000 1.00000 1.00000 1.00000 1.00000 0.98245 1.00000 1.00000 1.00000 1.00000 1.00000 1.00000 1.00000 1.00000 1.00000 1.00000 1.00000 1.00000 1.00000 1.00000 1.00000
0.98362 0.98553 1.00000 1.00000 1.00000 1.00000 1.00000 1.00000 1.00000 1.00000 1.00000 1.00000 1.00000 1.00000 1.00000 1.00000 1.00000 1.00000 1.00000 1.00000 1.00000 1.00000 1.00000 1.00000 1.00000
0.96307 1.00000 1.00000 1.00000 1.00000 1.00000 1.00000 1.00000 1.00000 1.00000 1.00000 1.00000 1.00000 1.00000 1.00000 1.00000 1.00000 1.00000 1.00000 1.00000 1.00000 1.00000 1.00000 1.00000 1.00000
0.98448 0.98697 1.00000 1.00000 1.00000 1.00000 1.00000 1.00000 1.00000 1.00000 1.00000 1.00000 1.00000 1.00000 1.00000 1.00000 1.00000 1.00000 1.00000 1.00000 1.00000 1.00000 1.00000 1.00000 1.00000
0.95758 1.00000 1.00000 1.00000 1.00000 1.00000 1.00000 1.00000 1.00000 1.00000 1.00000 1.00000 1.00000 1.00000 1.00000 1.00000 1.00000 1.00000 1.00000 1.00000 1.00000 1.00000 1.00000 1.00000 1.00000
0.96468 1.00000 1.00000 1.00000 1.00000 1.00000 1.00000 1.00000 1.00000 1.00000 1.00000 1.00000 1.00000 1.00000 1.00000 1.00000 1.00000 1.00000 1.00000 1.00000 1.00000 1.00000 1.00000 1.00000 1.00000
0.88289 1.00000 0.97964 1.00000 1.00000 0.99178 1.00000 1.00000 1.00000 1.00000 1.00000 1.00000 1.00000 1.00000 1.00000 1.00000 1.00000 0.99178 1.00000 1.00000 1.00000 1.00000 1.00000 1.00000 1.00000
0.87774 0.98546 0.97752 1.00000 1.00000 1.00000 0.99178 1.00000 0.99108 1.00000 1.00000 1.00000 1.00000 1.00000 1.00000 1.00000 0.99178 1.00000 1.00000 1.00000 1.00000 1.00000 1.00000 1.00000 1.00000
0.88159 1.00000 0.97982 1.00000 1.00000 1.00000 1.00000 1.00000 1.00000 1.00000 1.00000 1.00000 1.00000 1.00000 1.00000 1.00000 1.00000 1.00000 1.00000 1.00000 1.00000 1.00000 1.00000 1.00000 1.00000
0.87986 1.00000 1.00000 1.00000 1.00000 1.00000 1.00000 1.00000 1.00000 1.00000 1.00000 1.00000 1.00000 1.00000 1.00000 1.00000 1.00000 1.00000 1.00000 1.00000 1.00000 1.00000 1.00000 1.00000 1.00000
0.79241 0.98957 0.97547 1.00000 1.00000 1.00000 1.00000 1.00000 1.00000 1.00000 1.00000 1.00000 1.00000 1.00000 1.00000 1.00000 1.00000 1.00000 1.00000 1.00000 0.98717 1.00000 1.00000 1.00000 1.00000
0.89824 1.00000 0.98469 1.00000 1.00000 1.00000 1.00000 1.00000 1.00000 1.00000 1.00000 1.00000 1.00000 1.00000 1.00000 1.00000 1.00000 1.00000 1.00000 1.00000 1.00000 1.00000 1.00000 1.00000 1.00000
0.93644 0.98922 0.99124 1.00000 1.00000 1.00000 1.00000 1.00000 1.00000 1.00000 1.00000 1.00000 1.00000 1.00000 1.00000 1.00000 1.00000 1.00000 1.00000 1.00000 1.00000 1.00000 1.00000 1.00000 1.00000
0.96140 1.00000 1.00000 1.00000 1.00000 1.00000 1.00000 1.00000 1.00000 1.00000 1.00000 1.00000 1.00000 1.00000 1.00000 1.00000 1.00000 1.00000 1.00000 1.00000 1.00000 1.00000 1.00000 1.00000 1.00000
0.64870 1.00000 1.00000 1.00000 1.00000 1.00000 1.00000 1.00000 1.00000 1.00000 1.00000 1.00000 1.00000 1.00000 1.00000 1.00000 1.00000 1.00000 1.00000 1.00000 1.00000 1.00000 1.00000 1.00000 1.00000
