# name=grid_streets_w8 field=200x200 stride=8
25 25
0.00000 0.55300 0.58706 0.60809 0.69743 0.61383 0.93786 0.85836 0.57679 0.58662 0.33333 0.58442 0.58298 0.57679 0.58662 0.33333 0.58442 0.58298 0.73932 0.78005 0.53184 0.58912 0.62500 0.66667 0.66667
0.55300 1.00000 1.00000 0.97728 0.97528 0.98989 1.00000 1.00000 0.96533 0.95862 0.98479 0.94864 0.97563 0.96533 0.95862 0.98479 0.94864 0.97563 1.00000 0.96496 0.97879 1.00000 0.95960 1.00000 0.66667
0.58706 1.00000 1.00000 0.98349 1.00000 0.99265 1.00000 1.00000 0.97467 1.00000 0.98889 1.00000 1.00000 0.97467 1.00000 0.98889 1.00000 1.00000 1.00000 1.00000 0.98460 1.00000 1.00000 1.00000 1.00000
0.60809 0.97728 0.98349 1.00000 1.00000 1.00000 1.00000 1.00000 0.98123 0.98508 1.00000 0.98035 0.98992 0.98123 0.98508 1.00000 0.98035 0.98992 0.98254 0.98785 1.00000 1.00000 1.00000 1.00000 1.00000
0.69743 0.97528 1.00000 1.00000 1.00000 1.00000 1.00000 1.00000 1.00000 1.00000 1.00000 1.00000 1.00000 1.00000 1.00000 1.00000 1.00000 1.00000 1.00000 1.00000 1.00000 1.00000 1.00000 1.00000 1.00000
0.61383 0.98989 0.99265 1.00000 1.00000 1.00000 1.00000 1.00000 0.99224 0.98404 1.00000 0.98805 0.98922 0.99224 0.98404 1.00000 0.98805 0.98922 1.00000 1.00000 1.00000 1.00000 1.00000 1.00000 1.00000
0.93786 1.00000 1.00000 1.00000 1.00000 1.00000 1.00000 1.00000 1.00000 1.00000 1.00000 1.00000 1.00000 1.00000 1.00000 1.00000 1.00000 1.00000 1.00000 1.00000 1.00000 1.00000 1.00000 1.00000 1.00000
0.85836 1.00000 1.00000 1.00000 1.00000 1.00000 1.00000 1.00000 1.00000 1.00000 1.00000 1.00000 1.00000 1.00000 1.00000 1.00000 1.00000 1.00000 1.00000 1.00000 1.00000 1.00000 1.00000 1.00000 1.00000
0.57679 0.96533 0.97467 0.98123 1.00000 0.99224 1.00000 1.00000 0.97078 0.97721 0.98829 0.98294 0.98461 0.97078 0.97721 0.98829 0.98294 0.98461 1.00000 1.00000 1.00000 1.00000 1.00000 1.00000 1.00000
0.58662 0.95862 1.00000 0.98508 1.00000 0.98404 1.00000 1.00000 0.97721 1.00000 0.97589 0.98232 0.98108 0.97721 1.00000 0.97589 0.98232 0.98108 1.00000 1.00000 1.00000 1.00000 1.00000 1.00000 1.00000
0.33333 0.98479 0.98889 1.00000 1.00000 1.00000 1.00000 1.00000 0.98829 0.97589 0.97494 0.98196 0.98372 0.98829 0.97589 0.97494 0.98196 0.98372 1.00000 1.00000 1.00000 1.00000 1.00000 1.00000 1.00000
0.58442 0.94864 1.00000 0.98035 1.00000 0.98805 1.00000 1.00000 0.98294 0.98232 0.98196 1.00000 1.00000 0.98294 0.98232 0.98196 1.00000 1.00000 1.00000 1.00000 1.00000 1.00000 1.00000 1.00000 1.00000
0.58298 0.97563 1.00000 0.98992 1.00000 0.98922 1.00000 1.00000 0.98461 0.98108 0.98372 1.00000 1.00000 0.97035 0.98108 0.98372 1.00000 1.00000 1.00000 1.00000 1.00000 1.00000 1.00000 1.00000 1.00000
0.57679 0.96533 0.97467 1.00000 1.00000 0.99224 1.00000 1.00000 0.97078 0.97721 0.98829 0.98294 0.97035 0.97078 0.97506 0.97535 0.98294 0.98461 1.00000 1.00000 1.00000 1.00000 1.00000 1.00000 1.00000
0.58662 0.95862 1.00000 0.98508 1.00000 0.98404 1.00000 1.00000 0.97721 1.00000 0.97589 0.98232 0.98108 0.97506 1.00000 0.97589 0.98232 0.98108 1.00000 1.00000 1.00000 1.00000 1.00000 1.00000 1.00000
0.33333 0.98479 0.98889 1.00000 1.00000 1.00000 1.00000 1.00000 0.98829 0.97589 0.97494 0.98196 0.98372 0.97535 0.97589 0.97494 0.98196 0.98372 1.00000 1.00000 0.98243 1.00000 1.00000 1.00000 1.00000
0.58442 0.94864 1.00000 0.98035 1.00000 0.98805 1.00000 1.00000 0.98294 0.98232 0.98196 1.00000 1.00000 0.98294 0.98232 0.98196 1.00000 1.00000 1.00000 1.00000 1.00000 1.00000 1.00000 1.00000 1.00000
0.58298 0.97563 1.00000 0.98992 1.00000 0.98922 1.00000 1.00000 0.98461 0.98108 0.98372 1.00000 1.00000 0.98461 0.98108 0.98372 1.00000 1.00000 1.00000 1.00000 1.00000 1.00000 1.00000 1.00000 1.00000
0.73932 1.00000 1.00000 0.98254 1.00000 1.00000 1.00000 1.00000 1.00000 1.00000 1.00000 1.00000 1.00000 1.00000 1.00000 1.00000 1.00000 1.00000 1.00000 1.00000 1.00000 1.00000 1.00000 1.00000 1.00000
0.78005 0.96496 1.00000 0.98785 1.00000 1.00000 1.00000 1.00000 1.00000 1.00000 1.00000 1.00000 1.00000 1.00000 1.00000 1.00000 1.00000 1.00000 1.00000 1.00000 1.00000 1.00000 1.00000 1.00000 1.00000
0.53184 0.97879 0.98460 1.00000 1.00000 0.98855 0.98582 0.98417 1.00000 1.00000 0.98243 1.00000 0.98192 0.98299 0.98128 0.96516 1.00000 1.00000 1.00000 1.00000 1.00000 1.00000 1.00000 1.00000 1.00000
0.58912 1.00000 1.00000 1.00000 1.00000 1.00000 1.00000 1.00000 1.00000 1.00000 1.00000 1.00000 1.00000 1.00000 1.00000 1.00000 1.00000 1.00000 1.00000 1.00000 1.00000 1.00000 1.00000 1.00000 1.00000
0.62500 0.95960 1.00000 1.00000 1.00000 1.00000 1.00000 1.00000 1.00000 1.00000 1.00000 1.00000 1.00000 1.00000 0.98228 1.00000 1.00000 1.00000 1.00000 1.00000 1.00000 1.00000 1.00000 1.00000 0.66667
0.66667 1.00000 1.00000 1.00000 1.00000 1.00000 1.00000 1.00000 1.00000 1.00000 1.00000 1.00000 1.00000 1.00000 1.00000 1.00000 1.00000 1.00000 1.00000 1.00000 1.00000 1.00000 1.00000 0.66667 0.66667
0.66667 0.66667 1.00000 1.00000 1.00000 1.00000 1.00000 1.00000 1.00000 1.00000 1.00000 1.00000 1.00000 1.00000 1.00000 1.00000 1.00000 1.00000 1.00000 1.00000 1.00000 1.00000 0.66667 0.66667 0.66667
