# name=grid_streets_w5 field=200x200 stride=8
25 25
0.00000 0.53721 0.49563 0.45874 0.46090 0.45605 0.46253 0.43645 0.46362 0.61581 0.71152 0.93276 0.68247 0.64344 0.71594 0.62414 0.46253 0.45605 0.46090 0.45874 0.66728 0.73095 0.70892 0.75215 0.63022
0.53721 1.00000 0.97040 1.00000 1.00000 0.91009 1.00000 0.91223 1.00000 0.96613 1.00000 0.94077 1.00000 0.93983 1.00000 0.96969 1.00000 0.91009 1.00000 1.00000 0.97903 1.00000 0.97833 1.00000 0.78395
0.49563 0.97040 0.95454 0.98004 0.97982 0.97722 0.97964 0.97408 0.97953 1.00000 0.98392 1.00000 1.00000 1.00000 0.98373 0.97701 0.97964 0.97722 0.97982 0.98152 0.96733 0.98469 0.98240 1.00000 0.78992
0.45874 1.00000 0.98004 1.00000 1.00000 0.98060 1.00000 0.97797 1.00000 1.00000 1.00000 1.00000 1.00000 1.00000 1.00000 0.98012 1.00000 0.98060 1.00000 1.00000 0.98515 1.00000 0.98545 1.00000 0.79444
0.46090 1.00000 0.97982 1.00000 1.00000 0.98033 1.00000 0.97767 1.00000 1.00000 1.00000 1.00000 1.00000 1.00000 1.00000 0.97982 1.00000 0.98033 1.00000 1.00000 0.98576 1.00000 0.98528 1.00000 0.79419
0.45605 0.91009 0.97722 0.98060 0.98033 0.96358 0.98077 0.98264 0.98066 0.98490 0.98481 1.00000 1.00000 1.00000 0.98463 0.98425 0.98077 0.96358 0.98033 0.98060 0.98311 0.98520 0.98643 1.00000 1.00000
0.46253 1.00000 0.97964 1.00000 1.00000 0.98077 1.00000 0.97742 1.00000 0.97712 1.00000 1.00000 1.00000 0.98212 1.00000 0.97956 1.00000 0.98077 1.00000 1.00000 0.98564 1.00000 0.98515 1.00000 0.79401
0.43645 0.91223 0.97408 0.97797 0.97767 0.98264 0.97742 1.00000 0.97798 1.00000 0.98270 1.00000 1.00000 1.00000 0.98249 1.00000 0.97742 0.98264 0.97767 0.97797 0.98084 0.98316 0.98708 1.00000 1.00000
0.46362 1.00000 0.97953 1.00000 1.00000 0.98066 1.00000 0.97798 1.00000 0.97757 1.00000 1.00000 1.00000 0.98199 1.00000 0.97996 1.00000 0.98066 1.00000 1.00000 0.98556 1.00000 0.98507 1.00000 0.79388
0.61581 0.96613 1.00000 1.00000 1.00000 0.98490 0.97712 1.00000 0.97757 1.00000 0.98245 1.00000 1.00000 1.00000 0.98226 1.00000 0.97712 0.98490 1.00000 1.00000 1.00000 1.00000 0.98894 1.00000 1.00000
0.71152 1.00000 0.98392 1.00000 1.00000 0.98481 1.00000 0.98270 1.00000 0.98245 1.00000 1.00000 1.00000 0.98592 1.00000 0.98433 1.00000 0.98481 1.00000 1.00000 0.98868 1.00000 0.98830 1.00000 0.79869
0.93276 0.94077 1.00000 1.00000 1.00000 1.00000 1.00000 1.00000 1.00000 1.00000 1.00000 1.00000 1.00000 1.00000 1.00000 1.00000 1.00000 1.00000 1.00000 1.00000 1.00000 1.00000 1.00000 1.00000 1.00000
0.68247 1.00000 1.00000 1.00000 1.00000 1.00000 1.00000 1.00000 1.00000 1.00000 1.00000 1.00000 1.00000 1.00000 1.00000 1.00000 1.00000 1.00000 1.00000 1.00000 1.00000 1.00000 1.00000 1.00000 1.00000
0.64344 0.93983 1.00000 1.00000 1.00000 1.00000 0.98212 1.00000 0.98199 1.00000 0.98592 1.00000 1.00000 1.00000 0.98576 1.00000 0.98212 1.00000 1.00000 1.00000 1.00000 1.00000 1.00000 1.00000 1.00000
0.71594 1.00000 0.98373 1.00000 1.00000 0.98463 1.00000 0.98249 1.00000 0.98226 1.00000 1.00000 1.00000 0.98576 1.00000 0.98417 1.00000 0.98463 1.00000 1.00000 0.98855 1.00000 0.98816 1.00000 0.79848
0.62414 0.96969 0.97701 0.98012 0.97982 0.98425 0.97956 1.00000 0.97996 1.00000 0.98433 1.00000 1.00000 1.00000 0.98417 1.00000 0.97956 0.98425 0.97982 0.98012 0.98249 0.98487 0.98845 1.00000 1.00000
0.46253 1.00000 0.97964 1.00000 1.00000 0.98077 1.00000 0.97742 1.00000 0.97712 1.00000 1.00000 1.00000 0.98212 1.00000 0.97956 1.00000 0.98077 1.00000 1.00000 0.98564 1.00000 0.98515 1.00000 0.79401
0.45605 0.91009 0.97722 0.98060 0.98033 0.96358 0.98077 0.98264 0.98066 0.98490 0.98481 1.00000 1.00000 1.00000 0.98463 0.98425 0.98077 0.96358 0.98033 0.98060 0.98311 0.98520 0.98643 1.00000 1.00000
0.46090 1.00000 0.97982 1.00000 1.00000 0.98033 1.00000 0.97767 1.00000 1.00000 1.00000 1.00000 1.00000 1.00000 1.00000 0.97982 1.00000 0.98033 1.00000 1.00000 0.98576 1.00000 0.98528 1.00000 0.79419
0.45874 1.00000 0.98152 1.00000 1.00000 0.98060 1.00000 0.97797 1.00000 1.00000 1.00000 1.00000 1.00000 1.00000 1.00000 0.98012 1.00000 0.98060 1.00000 1.00000 0.98598 1.00000 0.98545 1.00000 0.79444
0.66728 0.97903 0.96733 0.98515 0.98576 0.98311 0.98564 0.98084 0.98556 1.00000 0.98868 1.00000 1.00000 1.00000 0.98855 0.98249 0.98564 0.98311 0.98576 0.98598 0.97451 0.98922 0.98760 1.00000 0.79765
0.73095 1.00000 0.98469 1.00000 1.00000 0.98520 1.00000 0.98316 1.00000 1.00000 1.00000 1.00000 1.00000 1.00000 1.00000 0.98487 1.00000 0.98520 1.00000 1.00000 0.98922 1.00000 0.98886 1.00000 0.79953
0.70892 0.97833 0.98240 0.98545 0.98528 0.98643 0.98515 0.98708 0.98507 0.98894 0.98830 1.00000 1.00000 1.00000 0.98816 0.98845 0.98515 0.98643 0.98528 0.98545 0.98760 0.98886 1.00000 1.00000 1.00000
0.75215 1.00000 1.00000 1.00000 1.00000 1.00000 1.00000 1.00000 1.00000 1.00000 1.00000 1.00000 1.00000 1.00000 1.00000 1.00000 1.00000 1.00000 1.00000 1.00000 1.00000 1.00000 1.00000 1.00000 1.00000
0.63022 0.78395 0.78992 0.79444 0.79419 1.00000 0.79401 1.00000 0.79388 1.00000 0.79869 1.00000 1.00000 1.00000 0.79848 1.00000 0.79401 1.00000 0.79419 0.79444 0.79765 0.79953 1.00000 1.00000 1.00000
