# name=grid_streets_w9 field=200x200 stride=8
25 25
0.00000 0.23987 0.29277 0.33509 0.33892 0.33784 0.28036 0.20924 0.00000 0.21324 0.28281 0.33865 0.33889 0.33420 0.27495 0.20386 0.00000 0.00000 0.00000 0.19630 0.27908 0.35711 0.39592 0.41934 0.00000
0.23987 0.94680 0.90939 0.87691 0.51977 0.87342 0.88290 0.95512 0.96304 0.95452 0.88251 0.87328 0.51974 0.87711 0.88105 0.95624 0.96304 0.53402 0.93053 0.96806 0.91947 0.96304 0.96635 0.61999 0.00000
0.29277 0.90939 0.89169 0.86442 0.87296 0.86167 0.87346 0.91785 0.94429 0.91681 0.87294 0.86146 0.87297 0.86467 0.89838 0.91922 0.94429 0.94429 0.92207 0.95000 0.94429 0.94429 0.94429 0.94614 0.00000
0.33509 0.87691 0.86442 0.85795 0.85807 0.85877 0.87905 0.88825 0.92625 0.88745 0.87820 0.85842 0.85808 0.85833 0.87130 0.88967 0.92625 0.91103 0.92377 0.92165 0.91397 0.92625 0.92969 0.93009 0.00000
0.33892 0.51977 0.87296 0.85807 0.85212 0.85722 0.87417 0.89785 0.92446 0.89673 0.87335 0.85687 0.85213 0.85845 0.87568 0.89932 0.92446 0.92025 0.92206 0.92002 0.92112 0.92446 0.92446 0.92202 0.00000
0.33784 0.87342 0.86167 0.85877 0.85722 0.85960 0.86707 0.88519 0.92499 0.88442 0.86643 0.85927 0.85723 0.85913 0.86863 0.88662 0.92499 0.90748 0.90583 0.90501 0.91085 0.92499 0.92900 0.92946 0.00000
0.28036 0.88290 0.87346 0.87905 0.87417 0.86707 0.85772 0.89649 0.94904 0.89582 0.85750 0.86685 0.87418 0.87944 0.88082 0.89799 0.94904 0.91757 0.89790 0.92468 0.92255 0.94904 0.94803 0.95032 0.00000
0.20924 0.95512 0.91785 0.88825 0.89785 0.88519 0.89649 0.96295 0.97200 0.96234 0.89600 0.88500 0.89786 0.88849 0.89528 0.96539 0.97200 0.98200 0.94588 0.97501 0.98505 0.97200 0.97472 0.63030 0.00000
0.00000 0.96304 0.94429 0.92625 0.92446 0.92499 0.94904 0.97200 1.00000 0.97090 0.94812 0.92461 0.92447 0.92667 0.95104 0.97345 1.00000 1.00000 1.00000 1.00000 1.00000 1.00000 1.00000 1.00000 0.00000
0.21324 0.95452 0.91681 0.88745 0.89673 0.88442 0.89582 0.96234 0.97090 0.96174 0.89533 0.88423 0.89674 0.88769 0.89466 0.96083 0.97090 0.98120 0.94524 0.97399 0.98436 0.97090 0.97090 0.62988 0.00000
0.28281 0.88251 0.87294 0.87820 0.87335 0.86643 0.85750 0.89600 0.94812 0.89533 0.85727 0.86621 0.87336 0.87859 0.88025 0.89750 0.94812 0.91716 0.89786 0.92419 0.92204 0.94812 0.94710 0.94940 0.00000
0.33865 0.87328 0.86146 0.85842 0.85687 0.85927 0.86685 0.88500 0.92461 0.88423 0.86621 0.85894 0.85688 0.85878 0.86841 0.88643 0.92461 0.90732 0.90568 0.90488 0.91065 0.92461 0.92860 0.92906 0.00000
0.33889 0.51974 0.87297 0.85808 0.85213 0.85723 0.87418 0.89786 0.92447 0.89674 0.87336 0.85688 0.85214 0.85847 0.87569 0.89933 0.92447 0.92026 0.92207 0.92003 0.92113 0.92447 0.92447 0.92204 0.00000
0.33420 0.87711 0.86467 0.85833 0.85845 0.85913 0.87944 0.88849 0.92667 0.88769 0.87859 0.85878 0.85847 0.85871 0.87156 0.88991 0.92667 0.91124 0.92417 0.92203 0.91422 0.92667 0.93012 0.93052 0.00000
0.27495 0.88105 0.89838 0.87130 0.87568 0.86863 0.88082 0.89528 0.95104 0.89466 0.88025 0.86841 0.87569 0.87156 0.85532 0.90103 0.95104 0.91574 0.93017 0.95566 0.92134 0.95104 0.94995 0.61988 0.00000
0.20386 0.95624 0.91922 0.88967 0.89932 0.88662 0.89799 0.96539 0.97345 0.96083 0.89750 0.88643 0.89933 0.88991 0.90103 0.96508 0.97345 0.98305 0.94750 0.97627 0.98594 0.97345 0.97607 0.63138 0.00000
0.00000 0.96304 0.94429 0.92625 0.92446 0.92499 0.94904 0.97200 1.00000 0.97090 0.94812 0.92461 0.92447 0.92667 0.95104 0.97345 1.00000 1.00000 1.00000 1.00000 1.00000 1.00000 1.00000 1.00000 0.00000
0.00000 0.53402 0.94429 0.91103 0.92025 0.90748 0.91757 0.98200 1.00000 0.98120 0.91716 0.90732 0.92026 0.91124 0.91574 0.98305 1.00000 1.00000 0.96722 1.00000 1.00000 1.00000 1.00000 0.64445 0.00000
0.00000 0.93053 0.92207 0.92377 0.92206 0.90583 0.89790 0.94588 1.00000 0.94524 0.89786 0.90568 0.92207 0.92417 0.93017 0.94750 1.00000 0.96722 0.93724 0.97002 0.97343 1.00000 1.00000 1.00000 0.00000
0.19630 0.96806 0.95000 0.92165 0.92002 0.90501 0.92468 0.97501 1.00000 0.97399 0.92419 0.90488 0.92003 0.92203 0.95566 0.97627 1.00000 1.00000 0.97002 1.00000 1.00000 1.00000 1.00000 1.00000 0.00000
0.27908 0.91947 0.94429 0.91397 0.92112 0.91085 0.92255 0.98505 1.00000 0.98436 0.92204 0.91065 0.92113 0.91422 0.92134 0.98594 1.00000 1.00000 0.97343 1.00000 1.00000 1.00000 1.00000 0.64865 0.00000
0.35711 0.96304 0.94429 0.92625 0.92446 0.92499 0.94904 0.97200 1.00000 0.97090 0.94812 0.92461 0.92447 0.92667 0.95104 0.97345 1.00000 1.00000 1.00000 1.00000 1.00000 1.00000 1.00000 1.00000 0.00000
0.39592 0.96635 0.94429 0.92969 0.92446 0.92900 0.94803 0.97472 1.00000 0.97090 0.94710 0.92860 0.92447 0.93012 0.94995 0.97607 1.00000 1.00000 1.00000 1.00000 1.00000 1.00000 1.00000 1.00000 0.00000
0.41934 0.61999 0.94614 0.93009 0.92202 0.92946 0.95032 0.63030 1.00000 0.62988 0.94940 0.92906 0.92204 0.93052 0.61988 0.63138 1.00000 0.64445 1.00000 1.00000 0.64865 1.00000 1.00000 1.00000 0.00000
0.00000 0.00000 0.00000 0.00000 0.00000 0.00000 0.00000 0.00000 0.00000 0.00000 0.00000 0.00000 0.00000 0.00000 0.00000 0.00000 0.00000 0.00000 0.00000 0.00000 0.00000 0.00000 0.00000 0.00000 0.00000
