# name=grid_streets_w6 field=200x200 stride=8
25 25
0.00000 0.36366 0.33450 0.00000 0.31349 0.00000 0.31471 0.00000 0.31430 0.00000 0.31227 0.31066 0.00000 0.31349 0.00000 0.31471 0.00000 0.31430 0.00000 0.55508 0.60572 0.37863 0.61716 0.44444 0.00000
0.36366 0.35025 1.00000 0.94050 1.00000 0.92225 1.00000 0.92313 1.00000 0.92051 0.92704 0.93403 0.94050 1.00000 0.92225 1.00000 0.92313 1.00000 0.95210 1.00000 0.95189 1.00000 1.00000 0.64245 0.00000
0.33450 1.00000 1.00000 1.00000 1.00000 0.97545 1.00000 0.97204 1.00000 0.97852 1.00000 1.00000 1.00000 1.00000 0.97545 1.00000 0.97204 1.00000 1.00000 1.00000 1.00000 1.00000 1.00000 0.64695 0.00000
0.00000 0.94050 1.00000 1.00000 1.00000 0.97935 1.00000 0.97650 1.00000 1.00000 1.00000 1.00000 1.00000 1.00000 0.97935 1.00000 0.97650 1.00000 1.00000 1.00000 1.00000 1.00000 1.00000 0.65036 0.00000
0.31349 1.00000 1.00000 1.00000 1.00000 0.97846 1.00000 0.94530 1.00000 0.98112 1.00000 1.00000 1.00000 1.00000 0.97846 1.00000 0.94530 1.00000 1.00000 1.00000 1.00000 1.00000 1.00000 0.64976 0.00000
0.00000 0.92225 0.97545 0.97935 0.97846 0.96228 0.94418 0.98222 0.94434 0.97976 0.97870 0.97900 0.97935 0.97846 0.96228 0.94418 0.98222 0.94434 0.97976 0.98162 0.98431 1.00000 1.00000 0.65098 0.00000
0.31471 1.00000 1.00000 1.00000 1.00000 0.94418 1.00000 0.94483 1.00000 0.94288 1.00000 1.00000 1.00000 1.00000 0.94418 1.00000 0.94483 1.00000 0.96492 1.00000 1.00000 1.00000 1.00000 0.64961 0.00000
0.00000 0.92313 0.97204 0.97650 0.94530 0.98222 0.94483 1.00000 0.94499 1.00000 0.94578 0.97611 0.97650 0.94530 0.98222 0.94483 1.00000 0.94499 1.00000 0.95359 0.98212 1.00000 1.00000 0.65268 0.00000
0.31430 1.00000 1.00000 1.00000 1.00000 0.94434 1.00000 0.94499 1.00000 0.98095 1.00000 1.00000 1.00000 1.00000 0.94434 1.00000 0.94499 1.00000 1.00000 1.00000 1.00000 1.00000 1.00000 0.64966 0.00000
0.00000 0.92051 0.97852 1.00000 0.98112 0.97976 0.94288 1.00000 0.98095 1.00000 0.98133 0.98160 1.00000 0.98112 0.97976 0.94288 1.00000 0.98095 1.00000 0.98387 0.98628 1.00000 1.00000 0.65065 0.00000
0.31227 0.92704 1.00000 1.00000 1.00000 0.97870 1.00000 0.94578 1.00000 0.98133 1.00000 1.00000 1.00000 1.00000 0.97870 1.00000 0.94578 1.00000 1.00000 1.00000 1.00000 1.00000 1.00000 0.64991 0.00000
0.31066 0.93403 1.00000 1.00000 1.00000 0.97900 1.00000 0.97611 1.00000 0.98160 1.00000 1.00000 1.00000 1.00000 0.97900 1.00000 0.97611 1.00000 1.00000 1.00000 1.00000 1.00000 1.00000 0.65011 0.00000
0.00000 0.94050 1.00000 1.00000 1.00000 0.97935 1.00000 0.97650 1.00000 1.00000 1.00000 1.00000 1.00000 1.00000 0.97935 1.00000 0.97650 1.00000 1.00000 1.00000 1.00000 1.00000 1.00000 0.65036 0.00000
0.31349 1.00000 1.00000 1.00000 1.00000 0.97846 1.00000 0.94530 1.00000 0.98112 1.00000 1.00000 1.00000 1.00000 0.97846 1.00000 0.94530 1.00000 1.00000 1.00000 1.00000 1.00000 1.00000 0.64976 0.00000
0.00000 0.92225 0.97545 0.97935 0.97846 0.96228 0.94418 0.98222 0.94434 0.97976 0.97870 0.97900 0.97935 0.97846 0.96228 0.94418 0.98222 0.94434 0.97976 0.98162 0.98431 1.00000 1.00000 0.65098 0.00000
0.31471 1.00000 1.00000 1.00000 1.00000 0.94418 1.00000 0.94483 1.00000 0.94288 1.00000 1.00000 1.00000 1.00000 0.94418 1.00000 0.94483 1.00000 0.96492 1.00000 1.00000 1.00000 1.00000 0.64961 0.00000
0.00000 0.92313 0.97204 0.97650 0.94530 0.98222 0.94483 1.00000 0.94499 1.00000 0.94578 0.97611 0.97650 0.94530 0.98222 0.94483 1.00000 0.94499 1.00000 0.95359 0.98212 1.00000 1.00000 0.65268 0.00000
0.31430 1.00000 1.00000 1.00000 1.00000 0.94434 1.00000 0.94499 1.00000 0.98095 1.00000 1.00000 1.00000 1.00000 0.94434 1.00000 0.94499 1.00000 1.00000 1.00000 1.00000 1.00000 1.00000 0.64966 0.00000
0.00000 0.95210 1.00000 1.00000 1.00000 0.97976 0.96492 1.00000 1.00000 1.00000 1.00000 1.00000 1.00000 1.00000 0.97976 0.96492 1.00000 1.00000 1.00000 1.00000 1.00000 1.00000 1.00000 0.65065 0.00000
0.55508 1.00000 1.00000 1.00000 1.00000 0.98162 1.00000 0.95359 1.00000 0.98387 1.00000 1.00000 1.00000 1.00000 0.98162 1.00000 0.95359 1.00000 1.00000 1.00000 1.00000 1.00000 1.00000 0.65242 0.00000
0.60572 0.95189 1.00000 1.00000 1.00000 0.98431 1.00000 0.98212 1.00000 0.98628 1.00000 1.00000 1.00000 1.00000 0.98431 1.00000 0.98212 1.00000 1.00000 1.00000 1.00000 1.00000 1.00000 0.65422 0.00000
0.37863 1.00000 1.00000 1.00000 1.00000 1.00000 1.00000 1.00000 1.00000 1.00000 1.00000 1.00000 1.00000 1.00000 1.00000 1.00000 1.00000 1.00000 1.00000 1.00000 1.00000 1.00000 1.00000 1.00000 0.00000
0.61716 1.00000 1.00000 1.00000 1.00000 1.00000 1.00000 1.00000 1.00000 1.00000 1.00000 1.00000 1.00000 1.00000 1.00000 1.00000 1.00000 1.00000 1.00000 1.00000 1.00000 1.00000 1.00000 1.00000 0.00000
0.44444 0.64245 0.64695 0.65036 0.64976 0.65098 0.64961 0.65268 0.64966 0.65065 0.64991 0.65011 0.65036 0.64976 0.65098 0.64961 0.65268 0.64966 0.65065 0.65242 0.65422 1.00000 1.00000 0.44444 0.00000
0.00000 0.00000 0.00000 0.00000 0.00000 0.00000 0.00000 0.00000 0.00000 0.00000 0.00000 0.00000 0.00000 0.00000 0.00000 0.00000 0.00000 0.00000 0.00000 0.00000 0.00000 0.00000 0.00000 0.00000 0.00000
