# name=grid_streets_w5 field=200x200 stride=8
25 25
0.00000 0.35814 0.33042 0.30582 0.30727 0.30404 0.30835 0.29097 0.30908 0.48543 0.55232 0.86797 0.49841 0.46992 0.55568 0.49236 0.30835 0.30404 0.30727 0.30582 0.54483 0.59682 0.57883 0.61413 0.42015
0.35814 1.00000 0.97040 1.00000 1.00000 0.91009 1.00000 0.91223 1.00000 0.94775 0.95617 0.87543 0.93219 0.87367 0.95542 0.95116 1.00000 0.91009 1.00000 1.00000 0.97903 1.00000 0.97833 1.00000 0.64009
0.33042 0.97040 0.95454 0.98004 0.97982 0.97722 0.97964 0.97408 0.97953 0.97725 0.94220 0.94159 0.93020 0.94097 0.94133 0.95261 0.97964 0.97722 0.97982 0.98152 0.96733 0.98469 0.98240 1.00000 0.64497
0.30582 1.00000 0.98004 1.00000 1.00000 0.98060 1.00000 0.97797 1.00000 0.98022 0.95617 0.93990 0.93219 0.93923 0.95542 0.95909 1.00000 0.98060 1.00000 1.00000 0.98515 1.00000 0.98545 1.00000 0.64866
0.30727 1.00000 0.97982 1.00000 1.00000 0.98033 1.00000 0.97767 1.00000 0.98051 0.95617 0.93974 0.93219 0.93906 0.95542 0.95912 1.00000 0.98033 1.00000 1.00000 0.98576 1.00000 0.98528 1.00000 0.64846
0.30404 0.91009 0.97722 0.98060 0.98033 0.96358 0.98077 0.98264 0.98066 0.96575 0.94298 0.93942 0.93030 0.93736 0.94211 0.96491 0.98077 0.96358 0.98033 0.98060 0.98311 0.98520 0.98643 1.00000 1.00000
0.30835 1.00000 0.97964 1.00000 1.00000 0.98077 1.00000 0.97742 1.00000 0.95690 0.95617 0.93957 0.93219 0.91838 0.95542 0.95922 1.00000 0.98077 1.00000 1.00000 0.98564 1.00000 0.98515 1.00000 0.64830
0.29097 0.91223 0.97408 0.97797 0.97767 0.98264 0.97742 1.00000 0.97798 0.98100 0.94113 0.93947 0.93005 0.93879 0.94025 0.98078 0.97742 0.98264 0.97767 0.97797 0.98084 0.98316 0.98708 1.00000 1.00000
0.30908 1.00000 0.97953 1.00000 1.00000 0.98066 1.00000 0.97798 1.00000 0.95596 0.95617 0.93939 0.93219 0.91814 0.95542 0.95823 1.00000 0.98066 1.00000 1.00000 0.98556 1.00000 0.98507 1.00000 0.64820
0.48543 0.94775 0.97725 0.98022 0.98051 0.96575 0.95690 0.98100 0.95596 0.96568 0.91869 0.91961 0.90865 0.91895 0.91774 0.96538 0.95690 0.96575 0.98051 0.98022 0.98250 0.97966 0.96694 0.98025 0.97899
0.55232 0.95617 0.94220 0.95617 0.95617 0.94298 0.95617 0.94113 0.95617 0.91869 0.91426 0.89765 0.89133 0.88205 0.91354 0.92021 0.95617 0.94298 0.95617 0.95847 0.94634 0.95617 0.94601 0.95617 0.62481
0.86797 0.87543 0.94159 0.93990 0.93974 0.93942 0.93957 0.93947 0.93939 0.91961 0.89765 0.88383 0.87087 0.88318 0.89710 0.91944 0.93957 0.93942 0.93974 0.93990 0.93865 0.94021 0.94104 0.93988 0.94059
0.49841 0.93219 0.93020 0.93219 0.93219 0.93030 0.93219 0.93005 0.93219 0.90865 0.89133 0.87087 0.86898 0.87225 0.89064 0.90866 0.93219 0.93030 0.93219 0.92901 0.93077 0.93219 0.93073 0.93219 0.92951
0.46992 0.87367 0.94097 0.93923 0.93906 0.93736 0.91838 0.93879 0.91814 0.91895 0.88205 0.88318 0.87225 0.88254 0.88136 0.91879 0.91838 0.93736 0.93906 0.93923 0.93795 0.93954 0.93939 0.93921 0.93993
0.55568 0.95542 0.94133 0.95542 0.95542 0.94211 0.95542 0.94025 0.95542 0.91774 0.91354 0.89710 0.89064 0.88136 0.91283 0.91927 0.95542 0.94211 0.95542 0.95779 0.94550 0.95542 0.94517 0.95542 0.62419
0.49236 0.95116 0.95261 0.95909 0.95912 0.96491 0.95922 0.98078 0.95823 0.96538 0.92021 0.91944 0.90866 0.91879 0.91927 0.96508 0.95922 0.96491 0.95912 0.95909 0.96401 0.96310 0.96620 0.98001 0.97873
0.30835 1.00000 0.97964 1.00000 1.00000 0.98077 1.00000 0.97742 1.00000 0.95690 0.95617 0.93957 0.93219 0.91838 0.95542 0.95922 1.00000 0.98077 1.00000 1.00000 0.98564 1.00000 0.98515 1.00000 0.64830
0.30404 0.91009 0.97722 0.98060 0.98033 0.96358 0.98077 0.98264 0.98066 0.96575 0.94298 0.93942 0.93030 0.93736 0.94211 0.96491 0.98077 0.96358 0.98033 0.98060 0.98311 0.98520 0.98643 1.00000 1.00000
0.30727 1.00000 0.97982 1.00000 1.00000 0.98033 1.00000 0.97767 1.00000 0.98051 0.95617 0.93974 0.93219 0.93906 0.95542 0.95912 1.00000 0.98033 1.00000 1.00000 0.98576 1.00000 0.98528 1.00000 0.64846
0.30582 1.00000 0.98152 1.00000 1.00000 0.98060 1.00000 0.97797 1.00000 0.98022 0.95847 0.93990 0.92901 0.93923 0.95779 0.95909 1.00000 0.98060 1.00000 1.00000 0.98598 1.00000 0.98545 1.00000 0.64866
0.54483 0.97903 0.96733 0.98515 0.98576 0.98311 0.98564 0.98084 0.98556 0.98250 0.94634 0.93865 0.93077 0.93795 0.94550 0.96401 0.98564 0.98311 0.98576 0.98598 0.97451 0.98922 0.98760 1.00000 0.65128
0.59682 1.00000 0.98469 1.00000 1.00000 0.98520 1.00000 0.98316 1.00000 0.97966 0.95617 0.94021 0.93219 0.93954 0.95542 0.96310 1.00000 0.98520 1.00000 1.00000 0.98922 1.00000 0.98886 1.00000 0.65282
0.57883 0.97833 0.98240 0.98545 0.98528 0.98643 0.98515 0.98708 0.98507 0.96694 0.94601 0.94104 0.93073 0.93939 0.94517 0.96620 0.98515 0.98643 0.98528 0.98545 0.98760 0.98886 1.00000 1.00000 1.00000
0.61413 1.00000 1.00000 1.00000 1.00000 1.00000 1.00000 1.00000 1.00000 0.98025 0.95617 0.93988 0.93219 0.93921 0.95542 0.98001 1.00000 1.00000 1.00000 1.00000 1.00000 1.00000 1.00000 1.00000 1.00000
0.42015 0.64009 0.64497 0.64866 0.64846 1.00000 0.64830 1.00000 0.64820 0.97899 0.62481 0.94059 0.92951 0.93993 0.62419 0.97873 0.64830 1.00000 0.64846 0.64866 0.65128 0.65282 1.00000 1.00000 1.00000
