# name=grid_streets_w1 field=200x200 stride=8
25 25
0.35241 1.00000 0.93400 0.96883 0.86073 0.98438 0.92588 0.83881 0.89612 0.83850 0.92378 0.96208 0.86110 0.96160 0.92341 0.83904 0.89612 0.83829 0.95877 0.96996 0.92515 0.95715 0.94232 0.98166 0.98937
1.00000 0.94566 0.97963 0.95585 1.00000 0.94944 0.93620 0.94916 0.90113 0.93968 0.94002 0.94843 1.00000 0.94796 0.93951 0.93931 0.90113 0.94961 0.93343 0.95753 0.97753 0.95903 0.97918 0.96898 0.98660
0.93400 0.97963 1.00000 1.00000 1.00000 0.98349 0.96411 0.94916 0.94513 0.94959 0.95519 0.98507 1.00000 0.98437 0.95446 0.94911 0.94511 0.94961 0.96026 0.97119 0.97753 0.97622 0.97789 0.97157 0.98831
0.96883 0.95585 1.00000 1.00000 1.00000 0.97015 0.95514 0.94811 0.94569 0.94942 0.95843 0.97020 1.00000 0.96952 0.95771 0.94894 0.94567 0.94857 0.95114 0.96956 0.97693 0.97632 0.97806 0.97351 0.98742
0.86073 1.00000 1.00000 1.00000 1.00000 0.98482 0.96389 0.94916 0.94406 0.95046 0.96487 0.98741 1.00000 0.98563 0.96402 0.94998 0.94404 0.94961 0.96021 0.97181 0.97753 0.97604 0.97822 0.98166 0.99007
0.98438 0.94944 0.98349 0.97015 0.98482 0.94930 0.92961 0.93132 0.92603 0.93203 0.93277 0.96037 0.98603 0.95991 0.93211 0.93154 0.92602 0.93179 0.92801 0.94685 0.96142 0.95674 0.96044 0.95624 0.97333
0.92588 0.93620 0.96411 0.95514 0.96389 0.92961 0.91404 0.91404 0.91039 0.91538 0.91687 0.94027 0.96331 0.93959 0.91622 0.91491 0.91038 0.91447 0.91055 0.92751 0.94133 0.94111 0.94322 0.94110 0.95017
0.83881 0.94916 0.94916 0.94811 0.94916 0.93132 0.91404 0.90090 0.89515 0.90214 0.91537 0.93300 0.94916 0.93214 0.91457 0.90168 0.89514 0.90133 0.90939 0.91943 0.92783 0.92589 0.92848 0.93175 0.93530
0.89612 0.90113 0.94513 0.94569 0.94406 0.92603 0.91039 0.89515 0.89388 0.89637 0.91248 0.92744 0.94406 0.92670 0.91171 0.89593 0.89387 0.89557 0.90597 0.91329 0.92204 0.92346 0.92481 0.92702 0.93291
0.83850 0.93968 0.94959 0.94942 0.95046 0.93203 0.91538 0.90214 0.89637 0.90237 0.91171 0.93420 0.95046 0.93348 0.91097 0.90191 0.89636 0.90257 0.91108 0.92075 0.92911 0.92717 0.92911 0.92772 0.93714
0.92378 0.94002 0.95519 0.95843 0.96487 0.93277 0.91687 0.91537 0.91248 0.91171 0.91971 0.94591 0.96540 0.94277 0.91905 0.91130 0.91247 0.91581 0.91335 0.93042 0.94255 0.94324 0.94506 0.94307 0.95249
0.96208 0.94843 0.98507 0.97020 0.98741 0.96037 0.94027 0.93300 0.92744 0.93420 0.94591 0.97154 0.98739 0.97098 0.94270 0.93370 0.92742 0.93348 0.93803 0.95659 0.96339 0.95833 0.96211 0.95791 0.97575
0.86110 1.00000 1.00000 1.00000 1.00000 0.98603 0.96331 0.94916 0.94406 0.95046 0.96540 0.98739 1.00000 0.98678 0.96456 0.94998 0.94405 0.94961 0.96026 0.97257 0.97753 0.97604 0.97822 0.98166 0.99006
0.96160 0.94796 0.98437 0.96952 0.98563 0.95991 0.93959 0.93214 0.92670 0.93348 0.94277 0.97098 0.98678 0.97043 0.94201 0.93298 0.92668 0.93261 0.93742 0.95598 0.96220 0.95755 0.96137 0.95720 0.97519
0.92341 0.93951 0.95446 0.95771 0.96402 0.93211 0.91622 0.91457 0.91171 0.91097 0.91905 0.94270 0.96456 0.94201 0.91840 0.91056 0.91169 0.91501 0.91269 0.92965 0.94172 0.94244 0.94424 0.94233 0.95163
0.83904 0.93931 0.94911 0.94894 0.94998 0.93154 0.91491 0.90168 0.89593 0.90191 0.91130 0.93370 0.94998 0.93298 0.91056 0.90146 0.89591 0.90211 0.91061 0.92026 0.92863 0.92670 0.92863 0.92731 0.93664
0.89612 0.90113 0.94511 0.94567 0.94404 0.92602 0.91038 0.89514 0.89387 0.89636 0.91247 0.92742 0.94405 0.92668 0.91169 0.89591 0.89385 0.89555 0.90595 0.91328 0.92203 0.92345 0.92480 0.92700 0.93289
0.83829 0.94961 0.94961 0.94857 0.94961 0.93179 0.91447 0.90133 0.89557 0.90257 0.91581 0.93348 0.94961 0.93261 0.91501 0.90211 0.89555 0.90177 0.90983 0.91989 0.92828 0.92634 0.92893 0.93219 0.93577
0.95877 0.93343 0.96026 0.95114 0.96021 0.92801 0.91055 0.90939 0.90597 0.91108 0.91335 0.93803 0.96026 0.93742 0.91269 0.91061 0.90595 0.90983 0.90766 0.92482 0.93737 0.93657 0.93896 0.93694 0.94756
0.96996 0.95753 0.97119 0.96956 0.97181 0.94685 0.92751 0.91943 0.91329 0.92075 0.93042 0.95659 0.97257 0.95598 0.92965 0.92026 0.91328 0.91989 0.92482 0.94170 0.94862 0.94466 0.94896 0.94651 0.95863
0.92515 0.97753 0.97753 0.97693 0.97753 0.96142 0.94133 0.92783 0.92204 0.92911 0.94255 0.96339 0.97753 0.96220 0.94172 0.92863 0.92203 0.92828 0.93737 0.94862 0.95557 0.95376 0.95624 0.95960 0.96570
0.95715 0.95903 0.97622 0.97632 0.97604 0.95674 0.94111 0.92589 0.92346 0.92717 0.94324 0.95833 0.97604 0.95755 0.94244 0.92670 0.92345 0.92634 0.93657 0.94466 0.95376 0.95328 0.95495 0.95846 0.96350
0.94232 0.97918 0.97789 0.97806 0.97822 0.96044 0.94322 0.92848 0.92481 0.92911 0.94506 0.96211 0.97822 0.96137 0.94424 0.92863 0.92480 0.92893 0.93896 0.94896 0.95624 0.95495 0.95656 0.96115 0.96546
0.98166 0.96898 0.97157 0.97351 0.98166 0.95624 0.94110 0.93175 0.92702 0.92772 0.94307 0.95791 0.98166 0.95720 0.94233 0.92731 0.92700 0.93219 0.93694 0.94651 0.95960 0.95846 0.96115 0.96571 0.96850
0.98937 0.98660 0.98831 0.98742 0.99007 0.97333 0.95017 0.93530 0.93291 0.93714 0.95249 0.97575 0.99006 0.97519 0.95163 0.93664 0.93289 0.93577 0.94756 0.95863 0.96570 0.96350 0.96546 0.96850 0.97898
