# name=grid_streets_w6 field=200x200 stride=8
25 25
0.00000 0.54549 0.50176 0.00000 0.47023 0.00000 0.47206 0.00000 0.47145 0.00000 0.46841 0.46600 0.00000 0.47023 0.00000 0.47206 0.00000 0.47145 0.00000 0.67983 0.74185 0.56794 0.75586 0.66667 0.00000
0.54549 0.52537 1.00000 0.94050 1.00000 0.92225 1.00000 0.92313 1.00000 0.92051 0.92704 0.93403 0.94050 1.00000 0.92225 1.00000 0.92313 1.00000 0.95210 1.00000 0.95189 1.00000 1.00000 0.78684 0.00000
0.50176 1.00000 1.00000 1.00000 1.00000 0.97545 1.00000 0.97204 1.00000 0.97852 1.00000 1.00000 1.00000 1.00000 0.97545 1.00000 0.97204 1.00000 1.00000 1.00000 1.00000 1.00000 1.00000 0.79235 0.00000
0.00000 0.94050 1.00000 1.00000 1.00000 0.97935 1.00000 0.97650 1.00000 1.00000 1.00000 1.00000 1.00000 1.00000 0.97935 1.00000 0.97650 1.00000 1.00000 1.00000 1.00000 1.00000 1.00000 0.79653 0.00000
0.47023 1.00000 1.00000 1.00000 1.00000 0.97846 1.00000 0.94530 1.00000 0.98112 1.00000 1.00000 1.00000 1.00000 0.97846 1.00000 0.94530 1.00000 1.00000 1.00000 1.00000 1.00000 1.00000 0.79579 0.00000
0.00000 0.92225 0.97545 0.97935 0.97846 0.96228 0.94418 0.98222 0.94434 0.97976 0.97870 0.97900 0.97935 0.97846 0.96228 0.94418 0.98222 0.94434 0.97976 0.98162 0.98431 1.00000 1.00000 0.79728 0.00000
0.47206 1.00000 1.00000 1.00000 1.00000 0.94418 1.00000 0.94483 1.00000 0.94288 1.00000 1.00000 1.00000 1.00000 0.94418 1.00000 0.94483 1.00000 0.96492 1.00000 1.00000 1.00000 1.00000 0.79560 0.00000
0.00000 0.92313 0.97204 0.97650 0.94530 0.98222 0.94483 1.00000 0.94499 1.00000 0.94578 0.97611 0.97650 0.94530 0.98222 0.94483 1.00000 0.94499 1.00000 0.95359 0.98212 1.00000 1.00000 0.79937 0.00000
0.47145 1.00000 1.00000 1.00000 1.00000 0.94434 1.00000 0.94499 1.00000 0.98095 1.00000 1.00000 1.00000 1.00000 0.94434 1.00000 1.00000 1.00000 1.00000 1.00000 1.00000 1.00000 1.00000 0.79566 0.00000
0.00000 0.92051 0.97852 1.00000 0.98112 0.97976 0.94288 1.00000 0.98095 1.00000 0.98133 0.98160 1.00000 0.98112 0.97976 0.94288 1.00000 1.00000 1.00000 1.00000 0.98628 1.00000 1.00000 0.79688 0.00000
0.46841 0.92704 1.00000 1.00000 1.00000 0.97870 1.00000 0.94578 1.00000 0.98133 1.00000 1.00000 1.00000 1.00000 0.97870 1.00000 1.00000 1.00000 1.00000 1.00000 1.00000 1.00000 1.00000 0.79598 0.00000
0.46600 0.93403 1.00000 1.00000 1.00000 0.97900 1.00000 0.97611 1.00000 0.98160 1.00000 1.00000 1.00000 1.00000 0.97900 1.00000 0.99067 1.00000 1.00000 1.00000 1.00000 1.00000 1.00000 0.79622 0.00000
0.00000 0.94050 1.00000 1.00000 1.00000 0.97935 1.00000 0.97650 1.00000 1.00000 1.00000 1.00000 1.00000 1.00000 0.97935 1.00000 0.97650 1.00000 1.00000 1.00000 1.00000 1.00000 1.00000 0.79653 0.00000
0.47023 1.00000 1.00000 1.00000 1.00000 0.97846 1.00000 0.94530 1.00000 0.98112 1.00000 1.00000 1.00000 1.00000 0.97846 1.00000 0.94530 1.00000 1.00000 1.00000 1.00000 1.00000 1.00000 0.79579 0.00000
0.00000 0.92225 0.97545 0.97935 0.97846 0.96228 0.94418 0.98222 0.94434 0.97976 0.97870 0.97900 0.97935 0.97846 0.96228 0.94418 0.98222 0.94434 0.97976 0.98162 0.98431 1.00000 1.00000 0.79728 0.00000
0.47206 1.00000 1.00000 1.00000 1.00000 0.94418 1.00000 0.94483 1.00000 0.94288 1.00000 1.00000 1.00000 1.00000 0.94418 1.00000 0.94483 1.00000 0.96492 1.00000 1.00000 1.00000 1.00000 0.79560 0.00000
0.00000 0.92313 0.97204 0.97650 0.94530 0.98222 0.94483 1.00000 1.00000 1.00000 1.00000 0.99067 0.97650 0.94530 0.98222 0.94483 1.00000 0.94499 1.00000 0.95359 0.98212 1.00000 1.00000 0.79937 0.00000
0.47145 1.00000 1.00000 1.00000 1.00000 0.94434 1.00000 0.94499 1.00000 1.00000 1.00000 1.00000 1.00000 1.00000 0.94434 1.00000 0.94499 1.00000 1.00000 1.00000 1.00000 1.00000 1.00000 0.79566 0.00000
0.00000 0.95210 1.00000 1.00000 1.00000 0.97976 0.96492 1.00000 1.00000 1.00000 1.00000 1.00000 1.00000 1.00000 0.97976 0.96492 1.00000 1.00000 1.00000 1.00000 1.00000 1.00000 1.00000 0.79688 0.00000
0.67983 1.00000 1.00000 1.00000 1.00000 0.98162 1.00000 0.95359 1.00000 1.00000 1.00000 1.00000 1.00000 1.00000 0.98162 1.00000 0.95359 1.00000 1.00000 1.00000 1.00000 1.00000 1.00000 0.79905 0.00000
0.74185 0.95189 1.00000 1.00000 1.00000 0.98431 1.00000 0.98212 1.00000 0.98628 1.00000 1.00000 1.00000 1.00000 0.98431 1.00000 0.98212 1.00000 1.00000 1.00000 1.00000 1.00000 1.00000 0.80125 0.00000
0.56794 1.00000 1.00000 1.00000 1.00000 1.00000 1.00000 1.00000 1.00000 1.00000 1.00000 1.00000 1.00000 1.00000 1.00000 1.00000 1.00000 1.00000 1.00000 1.00000 1.00000 1.00000 1.00000 1.00000 0.00000
0.75586 1.00000 1.00000 1.00000 1.00000 1.00000 1.00000 1.00000 1.00000 1.00000 1.00000 1.00000 1.00000 1.00000 1.00000 1.00000 1.00000 1.00000 1.00000 1.00000 1.00000 1.00000 1.00000 1.00000 0.00000
0.66667 0.78684 0.79235 0.79653 0.79579 0.79728 0.79560 0.79937 0.79566 0.79688 0.79598 0.79622 0.79653 0.79579 0.79728 0.79560 0.79937 0.79566 0.79688 0.79905 0.80125 1.00000 1.00000 0.66667 0.00000
0.00000 0.00000 0.00000 0.00000 0.00000 0.00000 0.00000 0.00000 0.00000 0.00000 0.00000 0.00000 0.00000 0.00000 0.00000 0.00000 0.00000 0.00000 0.00000 0.00000 0.00000 0.00000 0.00000 0.00000 0.00000
