# name=grid_streets_w9 field=200x200 stride=8
25 25
0.00000 0.00000 0.00000 0.00000 0.01624 0.00000 0.01922 0.01687 0.00000 0.01687 0.01922 0.00000 0.01624 0.00000 0.01827 0.01748 0.00000 0.01646 0.02030 0.02030 0.01646 0.00000 0.00000 0.00000 0.00000
0.00000 0.36639 1.00000 0.96538 0.32789 0.96068 0.94974 0.32654 1.00000 0.32654 0.94974 0.96068 0.32789 0.96538 0.94343 0.32521 1.00000 0.32744 0.95548 0.95548 0.32744 1.00000 0.34491 0.36866 0.00000
0.00000 1.00000 1.00000 0.97172 1.00000 0.96784 0.95877 1.00000 1.00000 1.00000 0.95877 0.96784 1.00000 0.97172 0.95351 1.00000 1.00000 1.00000 0.96353 0.96353 1.00000 1.00000 1.00000 0.34218 0.00000
0.00000 0.96538 0.97172 1.00000 0.97452 0.97220 1.00000 0.97479 1.00000 0.97479 1.00000 0.97220 0.97452 1.00000 0.97542 0.97506 1.00000 0.97461 0.96844 0.96844 0.97461 1.00000 0.97081 0.96474 0.00000
0.00000 0.32789 1.00000 0.97452 1.00000 0.97101 0.96278 0.94697 1.00000 0.94697 0.96278 0.97101 1.00000 0.97452 0.95800 0.95274 1.00000 0.94067 0.96710 0.96710 0.94067 1.00000 1.00000 0.32868 0.00000
0.00000 0.96068 0.96784 0.97220 0.97101 0.94606 0.97251 0.97132 1.00000 0.97132 0.97251 0.94606 0.97101 0.97220 0.97202 0.97162 1.00000 0.97111 0.94174 0.94174 0.97111 1.00000 0.96682 0.95996 0.00000
0.00000 0.94974 0.95877 1.00000 0.96278 0.97251 0.92746 0.96317 1.00000 0.96317 0.92746 0.97251 0.96278 1.00000 0.96406 0.96355 1.00000 0.96291 0.93243 0.93243 0.96291 1.00000 0.95747 0.94884 0.00000
0.00000 0.32654 1.00000 0.97479 0.94697 0.97132 0.96317 1.00000 1.00000 1.00000 0.96317 0.97132 0.94697 0.97479 0.95844 0.95323 1.00000 0.94716 0.96745 0.96745 0.94716 1.00000 1.00000 0.32730 0.00000
0.00000 1.00000 1.00000 1.00000 1.00000 1.00000 1.00000 1.00000 1.00000 1.00000 1.00000 1.00000 1.00000 1.00000 1.00000 1.00000 1.00000 1.00000 1.00000 1.00000 1.00000 1.00000 1.00000 1.00000 0.00000
0.00000 0.32654 1.00000 0.97479 0.94697 0.97132 0.96317 1.00000 1.00000 1.00000 0.96317 0.97132 0.94697 0.97479 0.95844 0.95323 1.00000 0.94716 0.96745 0.96745 0.94716 1.00000 1.00000 0.32730 0.00000
0.00000 0.94974 0.95877 1.00000 0.96278 0.97251 0.92746 0.96317 1.00000 0.96317 0.92746 0.97251 0.96278 1.00000 0.96406 0.96355 1.00000 0.96291 0.93243 0.93243 0.96291 1.00000 0.95747 0.94884 0.00000
0.00000 0.96068 0.96784 0.97220 0.97101 0.94606 0.97251 0.97132 1.00000 0.97132 0.97251 0.94606 0.97101 0.97220 0.97202 0.97162 1.00000 0.97111 0.94174 0.94174 0.97111 1.00000 0.96682 0.95996 0.00000
0.00000 0.32789 1.00000 0.97452 1.00000 0.97101 0.96278 0.94697 1.00000 0.94697 0.96278 0.97101 1.00000 0.97452 0.95800 0.95274 1.00000 0.94067 0.96710 0.96710 0.94067 1.00000 1.00000 0.32868 0.00000
0.00000 0.96538 0.97172 1.00000 0.97452 0.97220 1.00000 0.97479 1.00000 0.97479 1.00000 0.97220 0.97452 1.00000 0.97542 0.97506 1.00000 0.97461 0.96844 0.96844 0.97461 1.00000 0.97081 0.96474 0.00000
0.00000 0.94343 0.95351 0.97542 0.95800 0.97202 0.96406 0.95844 1.00000 0.95844 0.96406 0.97202 0.95800 0.97542 0.91674 0.95887 1.00000 0.95814 0.96825 0.96825 0.95814 1.00000 0.95206 0.32409 0.00000
0.00000 0.32521 1.00000 0.97506 0.95274 0.97162 0.96355 0.95323 1.00000 0.95323 0.96355 0.97162 0.95274 0.97506 0.95887 0.90510 1.00000 0.95290 0.96780 0.96780 0.95290 1.00000 0.94613 0.32592 0.00000
0.00000 1.00000 1.00000 1.00000 1.00000 1.00000 1.00000 1.00000 1.00000 1.00000 1.00000 1.00000 1.00000 1.00000 1.00000 1.00000 1.00000 1.00000 1.00000 1.00000 1.00000 1.00000 1.00000 1.00000 0.00000
0.00000 0.32744 1.00000 0.97461 0.94067 0.97111 0.96291 0.94716 1.00000 0.94716 0.96291 0.97111 0.94067 0.97461 0.95814 0.95290 1.00000 1.00000 0.96722 0.96722 1.00000 1.00000 1.00000 0.32822 0.00000
0.00000 0.95548 0.96353 0.96844 0.96710 0.94174 0.93243 0.96745 1.00000 0.96745 0.93243 0.94174 0.96710 0.96844 0.96825 0.96780 1.00000 0.96722 0.93724 0.93724 0.96722 1.00000 0.96238 0.95467 0.00000
0.00000 0.95548 0.96353 0.96844 0.96710 0.94174 0.93243 0.96745 1.00000 0.96745 0.93243 0.94174 0.96710 0.96844 0.96825 0.96780 1.00000 0.96722 0.93724 0.93724 0.96722 1.00000 0.96238 0.95467 0.00000
0.00000 0.32744 1.00000 0.97461 0.94067 0.97111 0.96291 0.94716 1.00000 0.94716 0.96291 0.97111 0.94067 0.97461 0.95814 0.95290 1.00000 1.00000 0.96722 0.96722 1.00000 1.00000 1.00000 0.32822 0.00000
0.00000 1.00000 1.00000 1.00000 1.00000 1.00000 1.00000 1.00000 1.00000 1.00000 1.00000 1.00000 1.00000 1.00000 1.00000 1.00000 1.00000 1.00000 1.00000 1.00000 1.00000 1.00000 1.00000 1.00000 0.00000
0.00000 0.34491 1.00000 0.97081 1.00000 0.96682 0.95747 1.00000 1.00000 1.00000 0.95747 0.96682 1.00000 0.97081 0.95206 0.94613 1.00000 1.00000 0.96238 0.96238 1.00000 1.00000 1.00000 0.34628 0.00000
0.00000 0.36866 0.34218 0.96474 0.32868 0.95996 0.94884 0.32730 1.00000 0.32730 0.94884 0.95996 0.32868 0.96474 0.32409 0.32592 1.00000 0.32822 0.95467 0.95467 0.32822 1.00000 0.34628 0.37105 0.00000
0.00000 0.00000 0.00000 0.00000 0.01624 0.00000 0.01922 0.01687 0.00000 0.01687 0.01922 0.00000 0.01624 0.00000 0.01827 0.01748 0.00000 0.01646 0.00000 0.00000 0.01646 0.00000 0.00000 0.00000 0.00000
